* Source of data    : Escola Superior de Agricultura "Luiz de Queiroz" - USP
* File content      : Input weather file for Swap 3.2 (www.swap.alterra.nl)
* File generated by : GEPeMA (LEB - ESALQ) - www.leb.esalq.usp.br
* File generated at :  Wed 11-12-2017
station,DD,MM,YYYY,Rad,Tmin,Tmax,Rain,Wind,Hum,etref
'Faz. Areao',1,1,2014,21220.0,20.03,29.46,10.6,1.19,2.37,3.86
'Faz. Areao',2,1,2014,23730.0,20.64,31.68,1.5,0.66,2.33,3.88
'Faz. Areao',3,1,2014,23950.0,20.74,34.69,1.1,0.82,2.11,4.36
'Faz. Areao',4,1,2014,28370.0,19.31,33.59,12.0,1.89,2.17,5.81
'Faz. Areao',5,1,2014,28440.0,20.33,33.0,2.0,1.41,2.23,5.92
'Faz. Areao',6,1,2014,31760.0,20.19,31.45,0.0,1.56,2.1,5.99
'Faz. Areao',7,1,2014,30640.0,17.3,30.25,0.0,0.63,2.04,5.14
'Faz. Areao',8,1,2014,31630.0,17.48,29.31,0.0,1.08,2.08,5.32
'Faz. Areao',9,1,2014,33670.0,18.2,30.3,0.0,1.64,2.13,5.76
'Faz. Areao',10,1,2014,32540.0,18.22,30.29,0.0,0.81,2.01,5.44
'Faz. Areao',11,1,2014,25120.0,18.41,29.84,0.0,0.99,2.16,4.43
'Faz. Areao',12,1,2014,19540.0,18.1,28.09,2.9,0.95,2.28,3.5
'Faz. Areao',13,1,2014,15870.0,17.32,26.29,25.7,1.17,2.3,2.59
'Faz. Areao',14,1,2014,26720.0,19.09,31.68,1.9,1.0,2.25,4.62
'Faz. Areao',15,1,2014,25550.0,18.91,29.05,1.2,0.68,2.27,4.19
'Faz. Areao',16,1,2014,19190.0,17.65,24.29,0.1,1.29,2.2,3.0
'Faz. Areao',17,1,2014,30890.0,17.78,30.57,14.8,0.98,2.28,5.15
'Faz. Areao',18,1,2014,33180.0,18.98,31.5,0.0,1.4,2.15,5.54
'Faz. Areao',19,1,2014,34830.0,18.27,31.57,0.0,1.38,2.07,5.77
'Faz. Areao',20,1,2014,33710.0,18.32,30.21,0.0,1.02,2.07,5.72
'Faz. Areao',21,1,2014,33100.0,19.09,29.18,0.0,0.96,2.09,5.73
'Faz. Areao',22,1,2014,28650.0,19.65,28.32,0.0,1.12,2.2,5.0
'Faz. Areao',23,1,2014,29770.0,20.03,28.88,0.0,1.46,2.15,5.24
'Faz. Areao',24,1,2014,28820.0,19.46,29.97,0.0,1.07,2.19,4.99
'Faz. Areao',25,1,2014,31030.0,17.58,29.22,0.0,1.08,2.12,4.89
'Faz. Areao',26,1,2014,29960.0,19.81,30.97,1.3,1.42,2.04,5.23
'Faz. Areao',27,1,2014,31440.0,18.16,30.96,2.3,1.21,2.09,5.29
'Faz. Areao',28,1,2014,33520.0,18.87,31.47,0.0,1.04,2.0,5.66
'Faz. Areao',29,1,2014,35010.0,17.36,30.78,0.0,0.78,1.84,5.66
'Faz. Areao',30,1,2014,33010.0,16.41,30.86,0.0,0.75,1.87,5.48
'Faz. Areao',31,1,2014,29070.0,17.34,31.53,0.0,0.79,1.85,5.11
'Faz. Areao',1,2,2014,33070.0,18.69,31.5,0.0,0.91,1.73,5.77
'Faz. Areao',2,2,2014,33610.0,19.36,31.32,0.0,0.94,1.78,6.07
'Faz. Areao',3,2,2014,33140.0,19.65,31.31,0.0,0.97,1.76,5.96
'Faz. Areao',4,2,2014,32950.0,19.73,31.94,0.0,1.06,1.65,5.86
'Faz. Areao',5,2,2014,28920.0,19.63,32.81,0.7,1.01,1.75,5.39
'Faz. Areao',6,2,2014,30890.0,18.59,31.75,0.0,0.89,1.85,5.5
'Faz. Areao',7,2,2014,33280.0,17.84,32.11,9.1,0.97,1.7,5.85
'Faz. Areao',8,2,2014,33250.0,19.45,31.99,0.5,1.16,1.85,6.34
'Faz. Areao',9,2,2014,32770.0,18.43,31.69,0.0,1.35,1.84,6.07
'Faz. Areao',10,2,2014,29970.0,19.38,32.06,0.0,1.4,1.78,5.7
'Faz. Areao',11,2,2014,27190.0,20.22,31.18,0.9,1.43,1.85,5.35
'Faz. Areao',12,2,2014,22040.0,20.25,29.1,0.0,1.38,2.04,4.32
'Faz. Areao',13,2,2014,26100.0,17.5,30.04,0.0,1.23,2.07,4.68
'Faz. Areao',14,2,2014,22180.0,18.3,28.42,16.4,1.08,2.24,3.89
'Faz. Areao',15,2,2014,11570.0,19.05,23.89,1.2,1.44,2.27,1.58
'Faz. Areao',16,2,2014,16200.0,18.7,24.62,3.5,1.54,2.28,2.53
'Faz. Areao',17,2,2014,18690.0,18.39,26.06,0.3,2.05,2.24,2.94
'Faz. Areao',18,2,2014,31160.0,17.19,27.76,0.0,2.65,2.11,4.82
'Faz. Areao',19,2,2014,32970.0,16.7,28.3,0.0,1.72,2.02,5.16
'Faz. Areao',20,2,2014,31540.0,16.35,29.56,0.0,1.03,2.04,5.03
'Faz. Areao',21,2,2014,24800.0,17.79,29.33,0.0,1.09,2.11,4.23
'Faz. Areao',22,2,2014,25990.0,18.53,27.48,0.2,1.35,2.23,4.4
'Faz. Areao',23,2,2014,23130.0,17.94,29.1,3.2,1.29,2.28,4.1
'Faz. Areao',24,2,2014,22390.0,18.54,26.38,1.0,1.17,2.3,3.73
'Faz. Areao',25,2,2014,20390.0,18.65,28.48,1.4,0.83,2.29,3.51
'Faz. Areao',26,2,2014,27610.0,16.99,30.2,0.0,1.0,2.12,4.68
'Faz. Areao',27,2,2014,23570.0,18.3,30.31,0.4,1.07,2.17,4.17
'Faz. Areao',28,2,2014,18590.0,18.45,26.97,12.3,0.91,2.27,3.36
'Faz. Areao',1,3,2014,25900.0,17.2,27.8,10.9,1.3,2.28,4.53
'Faz. Areao',2,3,2014,26500.0,16.9,27.8,0.0,1.3,2.21,4.39
'Faz. Areao',3,3,2014,23700.0,18.5,28.1,0.0,2.0,2.17,4.18
'Faz. Areao',4,3,2014,24400.0,18.0,28.6,10.4,1.0,2.21,4.39
'Faz. Areao',5,3,2014,8000.0,19.1,23.7,16.0,0.3,2.27,1.12
'Faz. Areao',6,3,2014,25500.0,18.6,29.5,0.2,0.6,2.32,4.4
'Faz. Areao',7,3,2014,27500.0,18.0,27.5,13.7,1.0,2.26,4.57
'Faz. Areao',8,3,2014,25200.0,17.9,28.2,6.8,0.5,2.31,4.27
'Faz. Areao',9,3,2014,29100.0,17.3,28.1,0.1,0.8,2.2,4.75
'Faz. Areao',10,3,2014,28300.0,16.1,30.5,0.0,0.9,2.19,4.81
'Faz. Areao',11,3,2014,22600.0,18.3,28.0,0.6,1.0,2.27,4.04
'Faz. Areao',12,3,2014,11700.0,18.6,28.2,37.3,0.6,2.44,2.24
'Faz. Areao',13,3,2014,17100.0,19.7,28.9,0.0,0.9,2.35,3.15
'Faz. Areao',14,3,2014,29100.0,18.3,30.4,0.0,1.0,2.2,5.08
'Faz. Areao',15,3,2014,29600.0,18.1,29.9,0.0,0.9,2.17,5.22
'Faz. Areao',16,3,2014,29400.0,18.7,29.9,0.0,1.0,2.12,5.36
'Faz. Areao',17,3,2014,27200.0,17.8,29.3,0.0,0.8,2.12,4.75
'Faz. Areao',18,3,2014,23100.0,16.6,29.0,0.0,1.0,2.16,4.14
'Faz. Areao',19,3,2014,25500.0,16.3,28.0,0.0,0.7,2.2,4.43
'Faz. Areao',20,3,2014,21300.0,17.8,28.0,5.0,1.3,2.29,3.8
'Faz. Areao',21,3,2014,17100.0,18.7,28.8,10.0,1.1,2.38,3.26
'Faz. Areao',22,3,2014,15900.0,19.1,28.2,0.0,0.8,2.36,2.76
'Faz. Areao',23,3,2014,19800.0,17.3,24.6,0.0,2.0,2.19,3.11
'Faz. Areao',24,3,2014,21300.0,16.6,25.8,0.0,1.4,2.17,3.4
'Faz. Areao',25,3,2014,25100.0,13.3,26.7,0.0,1.3,2.11,3.63
'Faz. Areao',26,3,2014,23800.0,16.0,26.9,0.0,1.6,2.16,3.65
'Faz. Areao',27,3,2014,25400.0,16.1,27.2,0.0,1.2,2.15,3.82
'Faz. Areao',28,3,2014,26200.0,16.3,28.1,0.0,1.2,2.17,4.14
'Faz. Areao',29,3,2014,23400.0,18.1,23.7,0.0,0.8,2.11,3.64
'Faz. Areao',30,3,2014,11400.0,15.3,29.9,0.0,0.9,2.34,2.02
'Faz. Areao',31,3,2014,15800.0,17.3,28.7,3.5,0.5,2.36,2.61
'Faz. Areao',1,4,2014,24900.0,19.4,28.7,2.0,1.1,2.33,4.24
'Faz. Areao',2,4,2014,24400.0,13.7,28.0,0.1,1.2,2.19,3.92
'Faz. Areao',3,4,2014,21700.0,16.8,28.0,0.0,1.2,2.22,3.57
'Faz. Areao',4,4,2014,22000.0,18.0,27.4,0.0,2.3,2.19,3.73
'Faz. Areao',5,4,2014,25300.0,16.5,28.1,0.0,1.1,2.11,3.97
'Faz. Areao',6,4,2014,25600.0,14.9,28.6,0.0,0.6,2.14,3.87
'Faz. Areao',7,4,2014,25100.0,15.3,30.1,0.0,0.7,2.07,3.8
'Faz. Areao',8,4,2014,24600.0,15.2,29.4,0.0,0.7,2.08,3.86
'Faz. Areao',9,4,2014,18900.0,15.8,29.0,0.0,0.9,2.17,3.34
'Faz. Areao',10,4,2014,15100.0,16.8,27.1,0.0,1.1,2.19,2.62
'Faz. Areao',11,4,2014,21100.0,16.6,28.5,0.0,0.7,2.19,3.36
'Faz. Areao',12,4,2014,19800.0,18.2,28.9,2.0,1.6,2.27,3.58
'Faz. Areao',13,4,2014,11900.0,19.5,27.9,0.3,0.9,2.37,2.31
'Faz. Areao',14,4,2014,10500.0,16.8,22.8,1.2,1.8,2.14,1.84
'Faz. Areao',15,4,2014,7700.0,15.9,21.3,80.5,1.3,2.09,1.35
'Faz. Areao',16,4,2014,16100.0,16.9,25.1,0.0,1.2,2.24,2.12
'Faz. Areao',17,4,2014,21800.0,15.5,26.6,0.0,0.8,2.22,2.83
'Faz. Areao',18,4,2014,23000.0,14.8,27.6,0.0,0.6,2.19,3.16
'Faz. Areao',19,4,2014,21700.0,15.2,28.6,0.0,0.9,2.15,3.45
'Faz. Areao',20,4,2014,18800.0,17.0,26.4,0.0,1.2,2.22,3.08
'Faz. Areao',21,4,2014,22200.0,16.0,26.4,0.0,1.1,2.18,3.35
'Faz. Areao',22,4,2014,7900.0,16.7,22.8,11.3,1.1,2.17,1.32
'Faz. Areao',23,4,2014,8800.0,15.6,22.9,2.9,0.4,2.14,1.41
'Faz. Areao',24,4,2014,15700.0,16.1,24.0,1.0,1.1,2.18,2.02
'Faz. Areao',25,4,2014,21700.0,14.6,24.0,0.0,1.2,2.08,2.54
'Faz. Areao',26,4,2014,21900.0,12.8,22.8,0.0,1.3,2.0,2.44
'Faz. Areao',27,4,2014,22000.0,11.5,22.6,0.0,1.7,1.94,2.35
'Faz. Areao',28,4,2014,22700.0,12.1,22.9,0.0,1.7,1.95,2.43
'Faz. Areao',29,4,2014,22800.0,10.5,23.7,0.0,0.6,1.94,2.68
'Faz. Areao',30,4,2014,20300.0,10.1,23.8,0.0,0.9,1.93,2.42
'Faz. Areao',1,5,2014,17000.0,13.2,23.6,0.0,1.8,1.95,2.12
'Faz. Areao',2,5,2014,15800.0,12.9,24.2,0.0,0.4,2.05,1.93
'Faz. Areao',3,5,2014,18400.0,13.4,24.9,0.0,0.4,2.09,2.35
'Faz. Areao',4,5,2014,21600.0,11.9,25.8,0.0,0.8,2.04,2.88
'Faz. Areao',5,5,2014,19400.0,12.1,26.5,0.0,0.6,2.06,2.64
'Faz. Areao',6,5,2014,17900.0,12.9,26.2,0.0,0.5,2.09,2.51
'Faz. Areao',7,5,2014,14200.0,14.0,26.9,0.0,0.5,2.14,2.13
'Faz. Areao',8,5,2014,20500.0,13.0,26.7,0.0,1.0,2.07,3.01
'Faz. Areao',9,5,2014,17800.0,13.5,24.4,0.0,1.1,2.08,2.58
'Faz. Areao',10,5,2014,21200.0,13.4,22.3,0.0,2.0,1.95,2.53
'Faz. Areao',11,5,2014,20900.0,12.7,23.3,0.0,2.3,1.98,2.4
'Faz. Areao',12,5,2014,19900.0,10.5,23.7,0.0,0.6,1.96,2.49
'Faz. Areao',13,5,2014,18500.0,11.6,24.6,0.0,0.7,1.98,2.26
'Faz. Areao',14,5,2014,15800.0,11.7,24.6,0.0,0.9,2.01,1.93
'Faz. Areao',15,5,2014,18700.0,11.5,24.6,0.0,0.6,1.99,2.34
'Faz. Areao',16,5,2014,17100.0,10.8,25.2,0.0,0.9,1.98,2.27
'Faz. Areao',17,5,2014,15600.0,15.2,24.4,0.0,1.1,2.09,2.14
'Faz. Areao',18,5,2014,12900.0,14.6,23.9,0.0,0.5,2.1,1.82
'Faz. Areao',19,5,2014,17800.0,12.5,25.4,0.0,0.8,2.08,2.2
'Faz. Areao',20,5,2014,18800.0,10.5,25.7,0.0,0.4,2.02,2.36
'Faz. Areao',21,5,2014,17100.0,11.6,27.0,0.0,1.1,2.01,2.37
'Faz. Areao',22,5,2014,10500.0,16.6,26.4,13.8,1.4,2.13,1.94
'Faz. Areao',23,5,2014,7200.0,17.7,22.8,19.2,0.5,2.2,1.27
'Faz. Areao',24,5,2014,5600.0,16.3,19.9,0.8,0.6,2.04,1.04
'Faz. Areao',25,5,2014,6700.0,15.7,20.8,0.5,0.3,2.06,1.11
'Faz. Areao',26,5,2014,9000.0,13.1,23.0,0.1,1.0,2.08,1.06
'Faz. Areao',27,5,2014,10700.0,11.1,19.3,0.0,0.3,1.78,1.31
'Faz. Areao',28,5,2014,10800.0,12.3,20.9,0.0,0.6,1.94,1.03
'Faz. Areao',29,5,2014,17400.0,11.5,23.7,0.0,0.9,2.02,1.84
'Faz. Areao',30,5,2014,19100.0,10.0,23.6,0.0,0.6,1.94,2.04
'Faz. Areao',31,5,2014,17900.0,9.3,24.3,0.0,0.7,1.98,2.24
'Faz. Areao',1,6,2014,5100.0,13.3,19.7,5.3,0.8,1.91,0.81
'Faz. Areao',2,6,2014,15700.0,12.8,23.2,2.1,1.1,2.02,1.82
'Faz. Areao',3,6,2014,18400.0,7.9,21.1,0.0,0.4,1.77,2.11
'Faz. Areao',4,6,2014,18700.0,6.3,23.7,0.0,0.5,1.88,2.19
'Faz. Areao',5,6,2014,14400.0,9.6,26.5,0.0,1.0,2.05,2.12
'Faz. Areao',6,6,2014,5200.0,15.8,21.2,0.0,0.7,2.05,0.77
'Faz. Areao',7,6,2014,16100.0,15.2,27.5,0.0,1.0,2.12,2.35
'Faz. Areao',8,6,2014,15700.0,15.1,27.0,0.0,1.5,1.99,2.44
'Faz. Areao',9,6,2014,15000.0,15.7,25.6,0.0,0.9,2.11,2.04
'Faz. Areao',10,6,2014,12400.0,15.2,22.2,0.0,1.8,2.07,1.8
'Faz. Areao',11,6,2014,17200.0,14.0,24.2,0.0,0.8,2.06,2.29
'Faz. Areao',12,6,2014,17300.0,11.8,24.9,0.0,1.0,2.04,2.21
'Faz. Areao',13,6,2014,17800.0,12.3,25.2,0.0,0.7,2.06,2.29
'Faz. Areao',14,6,2014,15500.0,12.5,25.3,0.0,0.7,2.05,2.15
'Faz. Areao',15,6,2014,16000.0,13.3,24.6,0.0,0.8,2.09,2.17
'Faz. Areao',16,6,2014,17000.0,12.2,24.3,0.0,0.5,2.05,2.26
'Faz. Areao',17,6,2014,17500.0,11.6,25.7,0.0,0.4,2.04,2.31
'Faz. Areao',18,6,2014,17000.0,11.4,24.0,0.1,0.9,2.03,2.22
'Faz. Areao',19,6,2014,13900.0,11.8,20.4,0.0,1.4,1.89,1.6
'Faz. Areao',20,6,2014,16900.0,8.7,21.3,0.0,0.8,1.83,2.02
'Faz. Areao',21,6,2014,15800.0,10.3,21.8,0.0,0.7,1.92,1.81
'Faz. Areao',22,6,2014,16300.0,9.6,23.5,0.1,0.5,1.97,1.92
'Faz. Areao',23,6,2014,14100.0,10.9,25.1,0.0,0.6,2.05,1.72
'Faz. Areao',24,6,2014,17600.0,11.6,25.2,0.0,0.6,2.02,2.14
'Faz. Areao',25,6,2014,16100.0,11.4,25.2,0.0,0.6,2.02,2.05
'Faz. Areao',26,6,2014,16400.0,11.4,26.2,0.0,0.8,2.04,2.25
'Faz. Areao',27,6,2014,17300.0,11.5,27.0,0.0,0.7,2.04,2.46
'Faz. Areao',28,6,2014,16100.0,12.2,27.4,0.0,0.7,2.04,2.4
'Faz. Areao',29,6,2014,11700.0,14.1,21.5,0.0,1.6,2.01,1.9
'Faz. Areao',30,6,2014,18900.0,10.5,21.3,0.0,1.0,1.84,2.36
'Faz. Areao',1,7,2014,18800.0,7.1,22.9,0.0,0.7,1.79,2.26
'Faz. Areao',2,7,2014,17500.0,10.2,26.2,0.0,0.7,1.95,2.18
'Faz. Areao',3,7,2014,17100.0,10.7,27.8,0.0,0.6,2.01,2.23
'Faz. Areao',4,7,2014,16800.0,12.8,27.7,0.0,0.6,2.03,2.39
'Faz. Areao',5,7,2014,17100.0,12.1,26.3,0.0,0.7,2.01,2.49
'Faz. Areao',6,7,2014,17700.0,11.4,25.0,0.0,1.0,1.94,2.54
'Faz. Areao',7,7,2014,6700.0,12.6,22.7,0.0,0.4,1.95,1.19
'Faz. Areao',8,7,2014,11100.0,14.8,20.8,3.9,1.7,2.01,1.53
'Faz. Areao',9,7,2014,7900.0,12.6,20.7,5.7,1.1,1.95,0.94
'Faz. Areao',10,7,2014,9700.0,14.7,20.6,1.2,1.3,2.02,1.11
'Faz. Areao',11,7,2014,13100.0,13.3,21.5,0.0,1.9,1.98,1.15
'Faz. Areao',12,7,2014,18200.0,10.4,23.4,0.0,1.4,1.96,1.81
'Faz. Areao',13,7,2014,19000.0,10.3,23.5,0.0,0.9,1.94,2.05
'Faz. Areao',14,7,2014,18500.0,8.5,24.1,0.0,1.0,1.92,2.19
'Faz. Areao',15,7,2014,17500.0,9.6,24.1,0.0,0.6,1.93,2.22
'Faz. Areao',16,7,2014,17600.0,9.4,25.1,0.0,0.6,1.95,2.35
'Faz. Areao',17,7,2014,16700.0,11.7,26.5,0.0,0.8,1.99,2.45
'Faz. Areao',18,7,2014,9000.0,14.0,21.1,1.0,1.7,1.95,1.33
'Faz. Areao',19,7,2014,19600.0,11.6,20.9,0.0,0.7,1.84,2.36
'Faz. Areao',20,7,2014,19200.0,7.5,21.7,0.0,0.9,1.78,2.1
'Faz. Areao',21,7,2014,19300.0,7.1,24.8,0.0,0.6,1.9,2.18
'Faz. Areao',22,7,2014,18300.0,8.6,26.5,0.0,0.8,1.96,2.26
'Faz. Areao',23,7,2014,18700.0,10.8,25.9,0.0,1.2,1.93,2.51
'Faz. Areao',24,7,2014,3400.0,14.3,20.1,9.2,1.3,1.94,0.56
'Faz. Areao',25,7,2014,6900.0,12.0,17.9,2.3,1.0,1.73,1.09
'Faz. Areao',26,7,2014,8100.0,11.0,19.2,0.0,0.4,1.77,1.31
'Faz. Areao',27,7,2014,7500.0,14.4,19.2,0.8,1.7,1.93,0.52
'Faz. Areao',28,7,2014,14800.0,13.6,22.6,0.0,2.1,2.03,1.43
'Faz. Areao',29,7,2014,18600.0,12.4,24.1,0.0,1.7,2.02,1.96
'Faz. Areao',30,7,2014,20200.0,10.7,24.3,0.0,0.6,1.97,2.35
'Faz. Areao',31,7,2014,19200.0,9.7,24.6,0.0,0.6,1.95,2.49
'Faz. Areao',1,8,2014,20100.0,9.6,25.8,0.0,0.9,1.93,2.67
'Faz. Areao',2,8,2014,19800.0,10.3,26.5,0.0,0.7,1.96,2.73
'Faz. Areao',3,8,2014,19900.0,10.7,28.4,0.0,0.8,1.95,2.88
'Faz. Areao',4,8,2014,20800.0,10.8,28.3,0.0,1.6,1.93,3.25
'Faz. Areao',5,8,2014,18900.0,11.2,22.0,0.0,2.8,1.84,2.42
'Faz. Areao',6,8,2014,20800.0,8.4,25.3,0.0,0.6,1.87,2.84
'Faz. Areao',7,8,2014,20900.0,7.7,26.2,0.0,0.8,1.87,2.69
'Faz. Areao',8,8,2014,19600.0,10.1,24.7,0.0,1.6,1.97,2.37
'Faz. Areao',9,8,2014,19400.0,11.6,24.2,0.0,1.2,2.01,2.45
'Faz. Areao',10,8,2014,18500.0,11.2,24.9,0.0,0.9,1.96,2.44
'Faz. Areao',11,8,2014,21200.0,10.9,27.0,0.0,0.7,1.89,2.71
'Faz. Areao',12,8,2014,20700.0,11.3,28.7,0.0,1.0,1.88,3.06
'Faz. Areao',13,8,2014,5700.0,10.9,20.7,5.4,2.0,1.87,1.01
'Faz. Areao',14,8,2014,5900.0,10.6,15.0,0.0,3.1,1.5,1.12
'Faz. Areao',15,8,2014,20200.0,11.2,24.2,0.0,1.4,1.98,2.4
'Faz. Areao',16,8,2014,16000.0,13.9,25.1,0.0,1.3,2.05,1.98
'Faz. Areao',17,8,2014,9200.0,14.4,22.4,0.8,1.0,2.06,0.93
'Faz. Areao',18,8,2014,22000.0,11.1,26.3,0.1,1.1,2.08,2.88
'Faz. Areao',19,8,2014,23400.0,12.2,24.6,0.0,1.2,1.98,2.69
'Faz. Areao',20,8,2014,23200.0,11.0,26.4,0.0,1.1,1.99,2.84
'Faz. Areao',21,8,2014,22800.0,11.0,27.6,0.0,0.7,1.96,3.05
'Faz. Areao',22,8,2014,22300.0,11.4,28.2,0.0,1.1,1.9,3.08
'Faz. Areao',23,8,2014,22200.0,11.9,28.8,0.0,0.7,1.87,3.12
'Faz. Areao',24,8,2014,22900.0,11.7,29.6,0.0,1.4,1.79,3.6
'Faz. Areao',25,8,2014,22900.0,12.1,30.2,0.0,1.2,1.7,3.71
'Faz. Areao',26,8,2014,18500.0,14.6,27.3,0.0,2.0,1.92,3.34
'Faz. Areao',27,8,2014,22000.0,15.4,24.6,0.0,1.0,1.84,3.35
'Faz. Areao',28,8,2014,18700.0,12.2,23.4,0.0,1.0,1.92,2.54
'Faz. Areao',29,8,2014,21200.0,10.4,23.6,0.4,1.0,1.94,2.64
'Faz. Areao',30,8,2014,23700.0,10.1,26.4,0.0,1.0,2.0,2.89
'Faz. Areao',31,8,2014,21600.0,10.8,31.6,0.9,1.9,2.1,3.61
'Faz. Areao',1,9,2014,13000.0,14.9,26.4,11.0,1.2,2.21,2.34
'Faz. Areao',2,9,2014,22900.0,14.9,29.9,7.2,1.1,2.13,3.74
'Faz. Areao',3,9,2014,18200.0,16.2,26.8,11.5,1.9,2.21,3.29
'Faz. Areao',4,9,2014,20900.0,14.2,22.7,0.0,2.6,2.0,2.7
'Faz. Areao',5,9,2014,25900.0,13.3,24.8,0.0,1.8,1.98,3.32
'Faz. Areao',6,9,2014,25800.0,10.0,26.1,0.0,1.1,1.94,3.29
'Faz. Areao',7,9,2014,22300.0,12.8,25.8,0.0,1.0,1.91,3.07
'Faz. Areao',8,9,2014,21400.0,16.9,27.7,0.0,0.8,1.94,3.32
'Faz. Areao',9,9,2014,25800.0,12.1,28.2,0.0,1.3,1.91,3.7
'Faz. Areao',10,9,2014,25800.0,14.0,29.4,0.0,1.2,1.77,4.02
'Faz. Areao',11,9,2014,24300.0,14.8,30.8,0.0,1.2,1.76,4.01
'Faz. Areao',12,9,2014,25000.0,14.8,29.2,0.0,1.2,2.02,3.92
'Faz. Areao',13,9,2014,25700.0,12.4,27.7,0.0,0.9,1.96,3.85
'Faz. Areao',14,9,2014,25200.0,13.3,29.6,0.0,1.1,1.83,3.97
'Faz. Areao',15,9,2014,20800.0,14.7,31.0,0.0,1.9,1.86,4.27
'Faz. Areao',16,9,2014,24700.0,14.9,27.4,0.0,1.5,2.03,3.86
'Faz. Areao',17,9,2014,26800.0,13.7,27.4,0.0,1.4,2.08,3.87
'Faz. Areao',18,9,2014,22600.0,12.1,28.4,0.0,1.0,2.03,3.25
'Faz. Areao',19,9,2014,11300.0,16.6,24.8,1.4,1.6,2.17,1.83
'Faz. Areao',20,9,2014,5700.0,17.3,21.4,11.1,0.7,2.13,0.99
'Faz. Areao',21,9,2014,20400.0,16.4,26.6,0.0,1.5,2.18,3.12
'Faz. Areao',22,9,2014,29300.0,13.9,24.1,0.0,2.2,1.96,3.44
'Faz. Areao',23,9,2014,28300.0,10.1,29.2,0.0,0.8,1.93,3.69
'Faz. Areao',24,9,2014,21700.0,14.7,30.2,5.5,2.2,2.04,3.97
'Faz. Areao',25,9,2014,14600.0,16.8,26.8,4.6,0.6,2.28,2.53
'Faz. Areao',26,9,2014,7900.0,18.7,26.3,33.7,1.1,2.33,1.82
'Faz. Areao',27,9,2014,10300.0,18.6,23.9,1.3,1.2,2.26,1.77
'Faz. Areao',28,9,2014,20600.0,17.8,29.5,0.0,1.2,2.29,3.4
'Faz. Areao',29,9,2014,22900.0,18.5,32.4,0.0,1.6,2.18,4.41
'Faz. Areao',30,9,2014,19000.0,17.6,29.6,0.0,1.3,2.16,3.74
'Faz. Areao',1,10,2014,14100.0,18.9,28.9,3.1,1.6,2.23,3.28
'Faz. Areao',2,10,2014,27500.0,14.1,23.3,0.0,3.9,2.01,3.56
'Faz. Areao',3,10,2014,30000.0,13.2,22.7,0.0,4.1,1.9,3.59
'Faz. Areao',4,10,2014,30000.0,12.0,22.0,0.0,3.6,1.84,3.29
'Faz. Areao',5,10,2014,30000.0,10.7,23.3,0.0,2.7,1.85,3.36
'Faz. Areao',6,10,2014,28600.0,10.3,24.8,0.0,1.5,1.89,3.33
'Faz. Areao',7,10,2014,19600.0,12.0,24.7,0.0,0.7,1.93,2.49
'Faz. Areao',8,10,2014,29500.0,11.7,27.1,0.0,1.3,1.9,3.91
'Faz. Areao',9,10,2014,29600.0,13.0,29.7,0.0,1.1,1.81,4.31
'Faz. Areao',10,10,2014,29800.0,13.9,31.1,0.0,1.4,1.75,4.77
'Faz. Areao',11,10,2014,29400.0,14.7,32.0,0.0,1.2,1.68,4.8
'Faz. Areao',12,10,2014,27200.0,16.3,32.7,0.0,0.8,1.57,4.55
'Faz. Areao',13,10,2014,27600.0,15.6,33.4,0.0,0.9,1.49,4.81
'Faz. Areao',14,10,2014,28400.0,18.0,33.8,0.0,1.4,1.44,5.5
'Faz. Areao',15,10,2014,28400.0,17.4,31.2,0.0,2.0,2.02,5.12
'Faz. Areao',16,10,2014,26300.0,15.8,32.9,0.0,1.0,1.86,4.53
'Faz. Areao',17,10,2014,26600.0,18.2,33.7,0.0,1.5,1.79,5.14
'Faz. Areao',18,10,2014,26300.0,16.9,32.4,0.0,1.4,1.88,4.74
'Faz. Areao',19,10,2014,26700.0,17.5,33.1,2.6,1.8,1.84,5.31
'Faz. Areao',20,10,2014,13700.0,17.6,24.2,0.0,2.1,2.17,2.84
'Faz. Areao',21,10,2014,23100.0,15.9,24.6,0.0,3.2,2.04,3.7
'Faz. Areao',22,10,2014,28500.0,15.4,27.3,0.0,2.5,2.05,4.23
'Faz. Areao',23,10,2014,27200.0,14.9,28.9,0.0,1.4,2.03,3.88
'Faz. Areao',24,10,2014,26100.0,16.1,30.6,4.3,1.3,2.08,4.09
'Faz. Areao',25,10,2014,10800.0,18.2,24.3,7.3,0.6,2.26,1.82
'Faz. Areao',26,10,2014,24700.0,18.2,29.0,0.1,0.9,2.24,4.13
'Faz. Areao',27,10,2014,30000.0,15.7,28.6,0.0,1.4,2.01,4.51
'Faz. Areao',28,10,2014,30000.0,13.4,27.6,0.0,1.4,1.96,4.36
'Faz. Areao',29,10,2014,30000.0,13.4,29.7,0.0,0.9,1.9,4.71
'Faz. Areao',30,10,2014,28700.0,16.3,31.9,0.0,1.4,1.7,4.77
'Faz. Areao',31,10,2014,25700.0,19.8,30.4,0.0,1.4,1.93,4.48
'Faz. Areao',1,11,2014,20500.0,19.2,30.3,2.3,1.1,2.08,3.92
'Faz. Areao',2,11,2014,26400.0,17.5,30.9,32.1,1.2,2.09,4.54
'Faz. Areao',3,11,2014,25200.0,19.4,31.5,14.9,1.2,2.32,4.88
'Faz. Areao',4,11,2014,12200.0,19.8,27.9,20.9,1.3,2.38,2.53
'Faz. Areao',5,11,2014,16800.0,19.1,25.4,0.2,1.7,2.32,3.18
'Faz. Areao',6,11,2014,30000.0,18.0,31.8,0.0,1.2,2.18,5.42
'Faz. Areao',7,11,2014,21200.0,18.3,29.4,17.9,1.1,2.26,3.64
'Faz. Areao',8,11,2014,16400.0,18.6,26.5,2.4,1.0,2.32,2.79
'Faz. Areao',9,11,2014,28500.0,18.6,28.4,0.0,2.2,2.18,4.66
'Faz. Areao',10,11,2014,30000.0,16.0,28.4,0.0,1.7,2.07,4.86
'Faz. Areao',11,11,2014,30000.0,13.6,28.8,0.0,1.3,2.05,4.78
'Faz. Areao',12,11,2014,14300.0,15.7,24.9,0.0,0.8,2.14,2.41
'Faz. Areao',13,11,2014,22400.0,18.0,27.0,7.2,1.9,2.27,3.43
'Faz. Areao',14,11,2014,24400.0,17.3,25.2,0.0,3.4,2.17,3.89
'Faz. Areao',15,11,2014,30000.0,15.6,26.2,0.0,3.0,2.04,4.53
'Faz. Areao',16,11,2014,30000.0,14.7,26.3,0.0,2.6,2.01,4.56
'Faz. Areao',17,11,2014,30000.0,12.3,27.2,0.0,1.6,2.02,4.43
'Faz. Areao',18,11,2014,30000.0,13.8,28.0,0.0,1.7,2.0,4.79
'Faz. Areao',19,11,2014,30000.0,16.0,29.2,0.0,1.0,1.94,4.78
'Faz. Areao',20,11,2014,12300.0,17.7,23.7,0.0,1.2,2.12,2.07
'Faz. Areao',21,11,2014,30000.0,17.7,30.6,0.0,1.3,2.05,5.06
'Faz. Areao',22,11,2014,8700.0,18.3,24.0,4.6,0.9,2.25,1.3
'Faz. Areao',23,11,2014,16400.0,19.1,27.6,0.2,1.2,2.33,2.71
'Faz. Areao',24,11,2014,17700.0,19.6,29.4,4.5,1.2,2.36,3.25
'Faz. Areao',25,11,2014,16400.0,19.9,28.6,19.3,0.5,2.39,2.76
'Faz. Areao',26,11,2014,16500.0,20.2,26.4,27.9,1.0,2.36,2.75
'Faz. Areao',27,11,2014,18500.0,20.8,29.3,0.1,1.0,2.32,3.26
'Faz. Areao',28,11,2014,21400.0,18.4,28.3,0.0,1.1,2.2,3.38
'Faz. Areao',29,11,2014,19300.0,18.9,27.4,0.0,1.1,2.21,3.28
'Faz. Areao',30,11,2014,22100.0,18.2,26.6,0.1,1.0,2.26,3.44
'Faz. Areao',1,12,2014,20000.0,19.1,28.8,5.5,0.7,2.33,3.35
'Faz. Areao',2,12,2014,28100.0,18.6,28.9,0.1,1.6,2.25,4.51
'Faz. Areao',3,12,2014,24000.0,19.6,29.3,0.0,1.3,2.13,4.1
'Faz. Areao',4,12,2014,20300.0,17.6,28.3,0.0,2.0,2.3,3.61
'Faz. Areao',5,12,2014,23400.0,17.0,25.5,0.0,2.5,2.15,3.82
'Faz. Areao',6,12,2014,28400.0,16.2,28.6,3.9,2.0,2.16,4.64
'Faz. Areao',7,12,2014,30000.0,17.8,30.2,0.0,1.0,2.11,4.75
'Faz. Areao',8,12,2014,23800.0,19.4,28.5,0.0,0.9,2.18,3.9
'Faz. Areao',9,12,2014,23300.0,18.7,27.9,7.4,1.2,2.22,4.16
'Faz. Areao',10,12,2014,9900.0,19.5,24.9,18.9,0.6,2.31,1.54
'Faz. Areao',11,12,2014,22500.0,19.8,28.3,0.0,0.8,2.35,3.59
'Faz. Areao',12,12,2014,19900.0,19.8,29.3,21.7,1.1,2.37,3.2
'Faz. Areao',13,12,2014,8500.0,19.6,23.1,18.1,1.1,2.26,1.06
'Faz. Areao',14,12,2014,22400.0,19.2,29.5,0.0,1.5,2.36,3.85
'Faz. Areao',15,12,2014,30000.0,16.6,27.7,0.0,1.7,2.11,4.77
'Faz. Areao',16,12,2014,30000.0,15.0,29.8,0.0,1.1,2.17,5.07
'Faz. Areao',17,12,2014,30000.0,16.0,29.9,0.0,1.0,2.14,5.25
'Faz. Areao',18,12,2014,30000.0,19.1,30.5,0.0,0.9,2.06,5.47
'Faz. Areao',19,12,2014,25700.0,20.1,30.2,1.4,1.1,2.33,4.65
'Faz. Areao',20,12,2014,26600.0,19.3,30.4,42.2,1.4,2.35,4.84
'Faz. Areao',21,12,2014,24400.0,21.3,29.6,1.5,1.6,2.37,4.58
'Faz. Areao',22,12,2014,23500.0,20.3,30.0,52.8,1.6,2.4,4.17
'Faz. Areao',23,12,2014,5700.0,18.8,24.6,20.2,0.7,2.29,1.1
'Faz. Areao',24,12,2014,23400.0,17.8,28.2,4.8,1.1,2.33,3.9
'Faz. Areao',25,12,2014,30000.0,18.6,32.4,0.0,0.7,2.22,5.27
'Faz. Areao',26,12,2014,30000.0,20.4,33.0,0.0,0.6,1.98,5.38
'Faz. Areao',27,12,2014,30000.0,19.7,32.9,0.0,0.7,1.86,5.83
'Faz. Areao',28,12,2014,30000.0,19.1,31.5,3.9,1.0,2.04,5.96
'Faz. Areao',29,12,2014,28300.0,18.1,32.2,40.1,1.1,2.22,5.27
'Faz. Areao',30,12,2014,23800.0,19.6,31.3,11.2,0.6,2.4,4.41
'Faz. Areao',31,12,2014,27000.0,19.9,31.3,2.2,0.8,2.37,4.85
