* Source of data    : Escola Superior de Agricultura "Luiz de Queiroz" - USP
* File content      : Input weather file for Swap 3.2 (www.swap.alterra.nl)
* File generated by : GEPeMA (LEB - ESALQ) - www.leb.esalq.usp.br
* File generated at :  Wed 11-12-2017
station,DD,MM,YYYY,Rad,Tmin,Tmax,Rain,Wind,Hum,etref
'Faz. Areao',1,1,2012,9940.0,17.43,21.96,21.5,0.9,2.16,0.73
'Faz. Areao',2,1,2012,30000.0,15.42,25.47,0.0,1.57,2.08,4.13
'Faz. Areao',3,1,2012,30000.0,15.92,27.79,0.0,0.93,2.02,4.97
'Faz. Areao',4,1,2012,30000.0,17.0,29.6,0.0,0.74,1.97,4.94
'Faz. Areao',5,1,2012,21510.0,17.91,27.81,1.2,0.7,2.12,3.57
'Faz. Areao',6,1,2012,24510.0,17.28,28.23,1.4,1.05,2.16,4.14
'Faz. Areao',7,1,2012,30000.0,17.3,28.3,3.9,0.93,2.19,5.11
'Faz. Areao',8,1,2012,28020.0,17.04,27.08,3.0,1.2,2.18,4.41
'Faz. Areao',9,1,2012,29910.0,17.29,26.84,20.2,1.3,2.15,4.79
'Faz. Areao',10,1,2012,9290.0,17.27,21.99,4.3,0.67,2.15,1.5
'Faz. Areao',11,1,2012,14560.0,17.42,22.85,4.8,0.86,2.16,1.83
'Faz. Areao',12,1,2012,26770.0,16.67,25.53,0.0,1.27,2.11,3.8
'Faz. Areao',13,1,2012,22590.0,16.17,25.68,0.0,1.23,2.09,3.18
'Faz. Areao',14,1,2012,15060.0,18.51,25.3,5.5,2.08,2.19,2.45
'Faz. Areao',15,1,2012,19830.0,18.9,27.6,11.6,1.18,2.28,3.37
'Faz. Areao',16,1,2012,18830.0,18.19,25.85,7.1,0.7,2.28,2.98
'Faz. Areao',17,1,2012,18790.0,17.32,26.63,32.9,0.87,2.26,3.04
'Faz. Areao',18,1,2012,20000.0,17.28,25.5,23.0,0.94,2.21,3.22
'Faz. Areao',19,1,2012,15090.0,16.97,23.25,3.2,0.46,2.17,1.93
'Faz. Areao',20,1,2012,14680.0,17.69,24.59,21.5,0.96,2.23,2.27
'Faz. Areao',21,1,2012,24790.0,17.87,27.65,0.1,0.83,2.24,4.01
'Faz. Areao',22,1,2012,20340.0,17.75,27.88,3.8,0.69,2.28,3.42
'Faz. Areao',23,1,2012,23250.0,17.79,28.59,4.7,0.87,2.28,4.0
'Faz. Areao',24,1,2012,21580.0,17.8,26.72,0.1,0.85,2.25,3.75
'Faz. Areao',25,1,2012,25920.0,18.52,27.31,10.8,0.95,2.27,4.52
'Faz. Areao',26,1,2012,15540.0,17.4,24.71,21.2,1.54,2.24,2.38
'Faz. Areao',27,1,2012,7540.0,15.81,19.07,6.6,1.87,1.98,1.18
'Faz. Areao',28,1,2012,15040.0,15.0,23.13,2.5,1.17,2.08,2.06
'Faz. Areao',29,1,2012,30000.0,14.7,25.88,0.0,1.44,2.05,4.24
'Faz. Areao',30,1,2012,30000.0,13.77,26.62,0.0,1.14,1.97,4.64
'Faz. Areao',31,1,2012,30000.0,13.7,27.85,0.0,0.96,2.05,4.66
'Faz. Areao',1,2,2012,28830.0,16.28,29.48,0.0,0.6,2.07,4.75
'Faz. Areao',2,2,2012,30000.0,17.44,29.38,0.0,0.63,2.06,5.27
'Faz. Areao',3,2,2012,27550.0,18.55,29.84,0.0,0.42,1.97,4.83
'Faz. Areao',4,2,2012,30000.0,18.03,30.18,0.0,0.52,1.91,5.37
'Faz. Areao',5,2,2012,30000.0,18.51,30.1,0.0,0.76,1.87,5.68
'Faz. Areao',6,2,2012,30000.0,18.41,30.67,0.0,0.58,1.84,5.53
'Faz. Areao',7,2,2012,30000.0,17.24,31.81,0.0,0.61,1.81,5.49
'Faz. Areao',8,2,2012,30000.0,18.94,32.34,0.0,0.87,1.75,5.95
'Faz. Areao',9,2,2012,28090.0,19.05,32.51,0.0,0.85,1.8,5.82
'Faz. Areao',10,2,2012,18190.0,19.3,29.27,13.0,1.56,2.16,4.18
'Faz. Areao',11,2,2012,17160.0,18.11,26.33,49.8,1.04,2.25,3.51
'Faz. Areao',12,2,2012,17670.0,17.87,25.88,10.1,0.74,2.29,3.34
'Faz. Areao',13,2,2012,14960.0,18.62,25.59,0.2,0.43,2.22,2.48
'Faz. Areao',14,2,2012,27020.0,16.91,28.77,6.5,0.81,2.19,4.69
'Faz. Areao',15,2,2012,27020.0,16.97,29.22,0.1,0.79,2.17,4.53
'Faz. Areao',16,2,2012,28430.0,17.94,28.88,0.0,1.23,2.11,4.74
'Faz. Areao',17,2,2012,29880.0,17.27,29.96,0.0,0.82,2.09,5.21
'Faz. Areao',18,2,2012,28370.0,18.19,29.43,0.0,0.64,2.05,4.81
'Faz. Areao',19,2,2012,19220.0,19.43,27.77,0.0,0.48,2.16,3.31
'Faz. Areao',20,2,2012,17950.0,18.44,28.22,27.1,0.73,2.27,3.39
'Faz. Areao',21,2,2012,16500.0,17.6,27.47,11.1,0.61,2.31,3.03
'Faz. Areao',22,2,2012,20360.0,18.4,26.74,0.9,0.73,2.26,3.49
'Faz. Areao',23,2,2012,24910.0,18.83,28.04,1.1,0.72,2.22,4.34
'Faz. Areao',24,2,2012,26130.0,18.82,29.14,0.1,0.72,2.24,4.58
'Faz. Areao',25,2,2012,19340.0,19.09,29.11,7.7,0.59,2.32,3.4
'Faz. Areao',26,2,2012,21190.0,19.27,29.43,10.5,0.65,2.29,3.77
'Faz. Areao',27,2,2012,16310.0,19.6,28.0,0.5,0.51,2.28,3.07
'Faz. Areao',28,2,2012,30000.0,18.6,31.03,0.0,0.63,2.0,5.49
'Faz. Areao',29,2,2012,29860.0,18.25,31.32,0.0,0.5,2.01,5.25
'Faz. Areao',1,3,2012,28290.0,20.11,31.16,0.4,1.04,1.94,5.45
'Faz. Areao',2,3,2012,28700.0,18.87,30.19,0.0,0.86,2.03,5.43
'Faz. Areao',3,3,2012,21090.0,18.54,29.57,30.6,1.13,2.23,4.19
'Faz. Areao',4,3,2012,29510.0,17.93,28.72,0.0,1.14,2.15,5.21
'Faz. Areao',5,3,2012,29300.0,17.96,29.1,0.0,1.32,2.06,5.1
'Faz. Areao',6,3,2012,28300.0,18.03,29.3,0.0,1.6,2.05,5.02
'Faz. Areao',7,3,2012,30000.0,17.03,28.71,0.0,1.49,2.0,5.05
'Faz. Areao',8,3,2012,27180.0,16.12,28.83,0.0,0.97,2.05,4.51
'Faz. Areao',9,3,2012,29570.0,17.04,29.9,0.0,1.17,2.0,5.18
'Faz. Areao',10,3,2012,18530.0,17.59,27.34,1.2,0.86,2.16,3.23
'Faz. Areao',11,3,2012,25060.0,17.61,26.96,0.3,0.54,2.18,4.35
'Faz. Areao',12,3,2012,26920.0,17.37,29.23,0.0,0.37,2.09,4.51
'Faz. Areao',13,3,2012,22900.0,18.04,28.26,0.7,0.96,2.19,3.88
'Faz. Areao',14,3,2012,27320.0,16.83,29.06,0.0,0.95,2.11,4.65
'Faz. Areao',15,3,2012,21300.0,18.82,28.1,8.1,1.13,2.22,3.94
'Faz. Areao',16,3,2012,12380.0,18.44,24.5,0.0,1.56,2.17,2.42
'Faz. Areao',17,3,2012,19900.0,17.35,24.86,0.0,2.78,2.06,3.39
'Faz. Areao',18,3,2012,28880.0,15.97,26.71,0.0,2.36,2.03,4.41
'Faz. Areao',19,3,2012,26390.0,14.5,27.63,0.0,0.8,2.03,3.97
'Faz. Areao',20,3,2012,26610.0,15.93,28.12,0.0,0.53,2.08,4.2
'Faz. Areao',21,3,2012,21510.0,16.18,28.5,0.0,0.53,2.11,3.54
'Faz. Areao',22,3,2012,25120.0,17.0,29.55,8.7,1.3,2.09,4.5
'Faz. Areao',23,3,2012,16420.0,17.78,24.39,2.3,1.32,2.2,2.97
'Faz. Areao',24,3,2012,21160.0,18.28,26.96,0.6,0.51,2.19,3.63
'Faz. Areao',25,3,2012,26360.0,17.1,28.34,0.0,0.47,2.13,4.28
'Faz. Areao',26,3,2012,25800.0,16.8,29.82,0.0,0.34,2.07,4.17
'Faz. Areao',27,3,2012,13520.0,19.52,26.2,8.5,0.69,2.24,2.46
'Faz. Areao',28,3,2012,11820.0,15.92,24.44,0.1,1.08,2.17,2.14
'Faz. Areao',29,3,2012,22790.0,13.67,26.96,0.0,0.83,2.1,3.67
'Faz. Areao',30,3,2012,19960.0,15.44,26.99,0.0,0.92,2.17,3.15
'Faz. Areao',31,3,2012,22790.0,16.05,26.76,0.0,1.2,2.12,3.49
'Faz. Areao',1,4,2012,25370.0,15.14,27.77,0.0,1.19,2.08,3.92
'Faz. Areao',2,4,2012,23730.0,15.29,27.93,0.0,1.11,2.09,3.77
'Faz. Areao',3,4,2012,23050.0,15.97,29.42,0.0,0.55,2.11,3.87
'Faz. Areao',4,4,2012,23780.0,17.06,29.18,0.0,0.83,2.09,3.89
'Faz. Areao',5,4,2012,24680.0,16.64,30.25,0.0,0.83,2.04,4.09
'Faz. Areao',6,4,2012,21930.0,18.52,28.57,1.2,1.08,2.12,3.75
'Faz. Areao',7,4,2012,24840.0,17.28,29.83,0.0,0.48,2.08,3.97
'Faz. Areao',8,4,2012,17660.0,17.02,28.56,36.4,0.7,2.19,3.14
'Faz. Areao',9,4,2012,20790.0,16.89,27.08,1.4,1.39,2.19,3.65
'Faz. Areao',10,4,2012,15090.0,18.5,26.46,0.0,0.89,2.16,2.64
'Faz. Areao',11,4,2012,24760.0,16.93,28.24,2.1,0.69,2.16,3.9
'Faz. Areao',12,4,2012,20400.0,18.02,28.41,0.0,0.51,2.22,3.45
'Faz. Areao',13,4,2012,20220.0,18.69,28.71,0.0,0.43,2.17,3.39
'Faz. Areao',14,4,2012,17430.0,19.03,28.33,0.0,0.76,2.15,3.16
'Faz. Areao',15,4,2012,21930.0,18.93,28.32,0.0,1.17,2.16,3.98
'Faz. Areao',16,4,2012,20760.0,17.49,25.87,0.0,2.6,2.12,3.47
'Faz. Areao',17,4,2012,22100.0,15.59,27.04,0.0,1.29,2.08,3.45
'Faz. Areao',18,4,2012,20980.0,15.13,27.59,0.0,0.98,2.11,3.21
'Faz. Areao',19,4,2012,21790.0,15.32,27.8,0.0,0.57,2.1,3.34
'Faz. Areao',20,4,2012,13330.0,16.48,26.67,0.1,0.47,2.18,2.31
'Faz. Areao',21,4,2012,2220.0,16.78,19.62,43.9,0.67,2.04,0.71
'Faz. Areao',22,4,2012,12730.0,15.83,22.76,0.7,1.5,2.1,1.93
'Faz. Areao',23,4,2012,21580.0,14.36,25.56,0.0,1.1,2.09,2.78
'Faz. Areao',24,4,2012,20630.0,13.46,24.94,0.0,0.69,2.03,2.54
'Faz. Areao',25,4,2012,21950.0,13.82,27.1,0.0,0.52,2.11,3.12
'Faz. Areao',26,4,2012,12200.0,17.54,26.03,9.9,1.32,2.21,2.15
'Faz. Areao',27,4,2012,14730.0,17.88,25.67,2.0,1.17,2.22,2.42
'Faz. Areao',28,4,2012,9550.0,16.39,22.21,0.2,0.38,2.11,1.56
'Faz. Areao',29,4,2012,4940.0,16.19,20.06,25.8,0.89,2.05,0.78
'Faz. Areao',30,4,2012,3020.0,13.98,17.84,35.5,0.73,1.81,0.59
'Faz. Areao',1,5,2012,17570.0,12.03,19.62,0.0,1.49,1.82,1.86
'Faz. Areao',2,5,2012,20530.0,9.85,21.78,0.0,1.86,1.85,1.9
'Faz. Areao',3,5,2012,21450.0,12.82,23.34,0.6,2.36,1.98,2.07
'Faz. Areao',4,5,2012,21980.0,12.75,24.98,0.0,0.49,1.99,2.5
'Faz. Areao',5,5,2012,19320.0,12.81,25.34,0.0,0.53,2.06,2.5
'Faz. Areao',6,5,2012,20520.0,13.08,24.78,0.0,1.21,2.03,2.64
'Faz. Areao',7,5,2012,20710.0,14.09,24.76,0.0,1.69,2.01,2.75
'Faz. Areao',8,5,2012,18310.0,15.05,25.21,0.0,1.2,2.04,2.63
'Faz. Areao',9,5,2012,20050.0,12.13,24.6,0.0,0.38,2.01,2.67
'Faz. Areao',10,5,2012,17560.0,12.07,25.85,0.0,0.52,2.05,2.4
'Faz. Areao',11,5,2012,19760.0,13.73,26.54,0.0,0.9,2.03,2.92
'Faz. Areao',12,5,2012,7130.0,16.26,20.34,19.6,0.97,2.05,1.32
'Faz. Areao',13,5,2012,11870.0,15.97,23.11,0.0,0.94,2.12,1.8
'Faz. Areao',14,5,2012,3720.0,14.79,17.26,9.0,1.65,1.82,0.39
'Faz. Areao',15,5,2012,9080.0,14.44,18.97,0.0,2.39,1.9,0.98
'Faz. Areao',16,5,2012,17680.0,14.27,21.79,0.0,2.06,1.96,1.73
'Faz. Areao',17,5,2012,19190.0,12.2,21.35,0.0,2.02,1.88,1.66
'Faz. Areao',18,5,2012,19360.0,12.04,22.62,0.0,1.43,1.91,1.95
'Faz. Areao',19,5,2012,18560.0,10.95,22.87,0.0,0.52,1.91,2.14
'Faz. Areao',20,5,2012,18870.0,12.74,23.91,0.0,0.5,1.98,2.29
'Faz. Areao',21,5,2012,17850.0,10.71,23.86,0.0,0.71,1.95,2.13
'Faz. Areao',22,5,2012,14570.0,11.23,23.1,0.0,0.29,1.96,1.73
'Faz. Areao',23,5,2012,17020.0,11.0,24.12,0.0,0.43,1.98,2.22
'Faz. Areao',24,5,2012,12610.0,12.51,23.75,10.9,0.54,2.04,1.83
'Faz. Areao',25,5,2012,9350.0,15.41,22.53,17.7,1.01,2.09,1.33
'Faz. Areao',26,5,2012,16480.0,13.77,22.77,0.0,0.68,2.03,2.17
'Faz. Areao',27,5,2012,17550.0,12.39,24.84,0.0,0.67,2.07,2.34
'Faz. Areao',28,5,2012,18380.0,15.06,25.29,0.0,0.51,2.12,2.46
'Faz. Areao',29,5,2012,18340.0,13.41,25.44,0.0,0.43,2.09,2.5
'Faz. Areao',30,5,2012,17690.0,13.79,25.96,0.0,0.66,2.11,2.46
'Faz. Areao',31,5,2012,16290.0,14.37,25.75,0.0,0.71,2.13,2.34
'Faz. Areao',1,6,2012,5490.0,15.3,19.92,6.1,0.6,2.01,1.03
'Faz. Areao',2,6,2012,15910.0,14.78,23.06,0.0,0.51,2.09,2.16
'Faz. Areao',3,6,2012,17470.0,12.81,26.09,0.2,0.96,2.11,2.36
'Faz. Areao',4,6,2012,17810.0,15.13,26.89,5.8,1.76,2.08,2.52
'Faz. Areao',5,6,2012,2850.0,16.8,19.0,45.4,0.62,2.02,0.63
'Faz. Areao',6,6,2012,4800.0,16.98,19.84,6.4,0.37,2.06,0.71
'Faz. Areao',7,6,2012,4850.0,13.67,18.85,7.5,1.4,1.87,0.53
'Faz. Areao',8,6,2012,3420.0,12.87,15.31,4.1,1.14,1.61,0.43
'Faz. Areao',9,6,2012,10940.0,12.43,19.69,0.0,1.59,1.86,0.96
'Faz. Areao',10,6,2012,12950.0,11.16,21.25,0.0,0.5,1.92,1.34
'Faz. Areao',11,6,2012,14750.0,14.05,25.11,0.2,1.06,2.14,1.68
'Faz. Areao',12,6,2012,14410.0,15.02,24.96,1.8,0.44,2.15,1.71
'Faz. Areao',13,6,2012,11270.0,15.07,21.46,0.0,0.62,2.06,1.57
'Faz. Areao',14,6,2012,10610.0,14.56,22.58,0.2,0.36,2.08,1.63
'Faz. Areao',15,6,2012,15300.0,13.81,25.04,0.2,0.4,2.01,2.28
'Faz. Areao',16,6,2012,15460.0,13.19,23.61,0.0,0.83,1.94,1.89
'Faz. Areao',17,6,2012,16330.0,11.42,24.59,0.0,0.53,1.95,2.07
'Faz. Areao',18,6,2012,11180.0,11.94,24.36,0.0,1.01,1.87,1.64
'Faz. Areao',19,6,2012,3410.0,12.3,18.5,10.7,0.47,1.78,0.69
'Faz. Areao',20,6,2012,2140.0,15.73,17.89,45.4,0.89,1.91,0.41
'Faz. Areao',21,6,2012,2660.0,15.38,17.37,22.7,0.74,1.86,0.43
'Faz. Areao',22,6,2012,8770.0,13.74,20.27,1.0,1.44,1.93,0.7
'Faz. Areao',23,6,2012,17420.0,10.07,20.56,0.2,1.58,1.78,1.49
'Faz. Areao',24,6,2012,17620.0,10.32,24.39,0.0,0.32,1.95,1.99
'Faz. Areao',25,6,2012,16160.0,12.79,20.84,0.1,1.01,1.91,1.71
'Faz. Areao',26,6,2012,17770.0,10.26,22.51,0.0,0.84,1.85,1.95
'Faz. Areao',27,6,2012,17490.0,10.44,22.97,0.0,0.39,1.85,2.1
'Faz. Areao',28,6,2012,14900.0,11.01,24.34,0.0,0.52,1.91,1.78
'Faz. Areao',29,6,2012,16320.0,11.09,24.25,0.0,0.68,1.97,2.14
'Faz. Areao',30,6,2012,16870.0,13.12,25.45,0.0,0.52,2.04,2.14
'Faz. Areao',1,7,2012,18030.0,11.34,26.42,0.0,0.53,2.09,2.41
'Faz. Areao',2,7,2012,17720.0,12.18,25.81,0.0,0.67,2.08,2.4
'Faz. Areao',3,7,2012,18100.0,11.81,25.0,0.0,0.83,2.05,2.44
'Faz. Areao',4,7,2012,17780.0,11.43,24.87,0.0,0.83,2.0,2.38
'Faz. Areao',5,7,2012,18120.0,10.85,25.56,0.0,0.51,2.01,2.44
'Faz. Areao',6,7,2012,18150.0,11.83,24.68,0.0,1.08,1.98,2.38
'Faz. Areao',7,7,2012,9850.0,14.74,22.69,5.1,0.78,2.04,1.51
'Faz. Areao',8,7,2012,8950.0,11.32,18.1,4.7,2.09,1.71,1.02
'Faz. Areao',9,7,2012,19080.0,7.95,22.13,0.0,0.93,1.84,2.03
'Faz. Areao',10,7,2012,18380.0,9.71,23.79,0.0,0.65,1.95,2.04
'Faz. Areao',11,7,2012,17470.0,10.8,25.34,0.0,1.04,2.01,2.09
'Faz. Areao',12,7,2012,6950.0,14.03,20.69,2.3,1.11,1.98,0.68
'Faz. Areao',13,7,2012,20090.0,8.72,18.95,0.0,1.15,1.65,1.99
'Faz. Areao',14,7,2012,18950.0,6.33,19.64,0.0,0.52,1.62,2.04
'Faz. Areao',15,7,2012,19420.0,7.52,20.81,0.0,1.33,1.75,1.78
'Faz. Areao',16,7,2012,7010.0,11.39,16.37,1.6,2.28,1.6,0.58
'Faz. Areao',17,7,2012,10870.0,11.83,19.78,10.7,0.85,1.84,0.99
'Faz. Areao',18,7,2012,17630.0,10.07,16.99,0.0,1.53,1.58,1.58
'Faz. Areao',19,7,2012,18630.0,6.43,19.89,0.0,0.43,1.64,1.87
'Faz. Areao',20,7,2012,18920.0,6.78,23.22,0.2,0.5,1.88,2.03
'Faz. Areao',21,7,2012,19880.0,5.79,24.01,0.1,1.01,1.85,2.13
'Faz. Areao',22,7,2012,18080.0,10.06,26.9,0.0,0.86,2.03,2.5
'Faz. Areao',23,7,2012,18140.0,14.27,28.49,0.0,0.52,2.09,2.75
'Faz. Areao',24,7,2012,16860.0,13.44,27.17,0.0,0.63,2.08,2.68
'Faz. Areao',25,7,2012,16290.0,13.38,27.49,0.0,0.78,2.07,2.74
'Faz. Areao',26,7,2012,17230.0,12.36,26.6,0.0,0.56,2.07,2.76
'Faz. Areao',27,7,2012,18900.0,12.39,28.09,0.0,1.07,2.09,3.07
'Faz. Areao',28,7,2012,17980.0,12.45,27.46,0.0,0.36,2.11,2.92
'Faz. Areao',29,7,2012,19930.0,12.56,26.96,0.0,1.12,2.01,3.0
'Faz. Areao',30,7,2012,17730.0,12.79,23.14,0.0,2.0,2.0,2.38
'Faz. Areao',31,7,2012,16550.0,11.43,23.79,0.0,1.7,2.01,2.18
'Faz. Areao',1,8,2012,18290.0,11.32,23.98,0.0,0.51,1.99,2.47
'Faz. Areao',2,8,2012,20360.0,10.69,24.9,0.0,0.67,2.0,2.72
'Faz. Areao',3,8,2012,20670.0,11.67,25.36,0.0,0.66,2.0,2.72
'Faz. Areao',4,8,2012,20200.0,11.29,25.5,0.0,0.87,2.0,2.75
'Faz. Areao',5,8,2012,17600.0,11.66,23.7,0.0,1.32,1.99,2.33
'Faz. Areao',6,8,2012,21130.0,12.12,21.94,0.0,2.11,1.9,2.31
'Faz. Areao',7,8,2012,20770.0,8.44,24.55,0.0,0.53,1.92,2.63
'Faz. Areao',8,8,2012,20820.0,9.69,25.93,0.0,0.66,1.98,2.65
'Faz. Areao',9,8,2012,21130.0,10.83,26.04,0.0,0.46,1.98,2.82
'Faz. Areao',10,8,2012,20890.0,10.14,25.88,0.0,0.52,1.96,2.92
'Faz. Areao',11,8,2012,20370.0,10.45,25.61,0.0,0.56,1.97,2.83
'Faz. Areao',12,8,2012,22140.0,10.72,25.2,0.0,0.96,1.93,3.03
'Faz. Areao',13,8,2012,20400.0,11.37,26.34,0.0,1.16,1.97,2.99
'Faz. Areao',14,8,2012,20520.0,12.57,26.24,0.0,0.59,2.02,3.0
'Faz. Areao',15,8,2012,21880.0,13.26,25.96,0.0,0.96,2.01,3.1
'Faz. Areao',16,8,2012,17310.0,12.65,25.62,0.0,0.69,2.04,2.65
'Faz. Areao',17,8,2012,21840.0,13.55,26.09,0.0,0.72,1.99,3.11
'Faz. Areao',18,8,2012,21400.0,11.45,26.56,0.0,0.73,1.99,3.24
'Faz. Areao',19,8,2012,21460.0,11.79,26.35,0.0,0.66,1.99,3.21
'Faz. Areao',20,8,2012,22120.0,12.04,25.99,0.0,0.57,1.98,3.27
'Faz. Areao',21,8,2012,23370.0,11.2,26.55,0.0,0.86,1.9,3.29
'Faz. Areao',22,8,2012,21910.0,11.51,27.2,0.0,1.11,1.91,3.26
'Faz. Areao',23,8,2012,23950.0,9.84,25.25,0.0,0.86,1.84,3.18
'Faz. Areao',24,8,2012,23350.0,11.42,26.35,0.0,0.94,1.96,3.37
'Faz. Areao',25,8,2012,18340.0,11.82,26.45,0.0,0.82,1.93,2.71
'Faz. Areao',26,8,2012,22600.0,14.73,26.72,0.0,1.46,1.98,3.33
'Faz. Areao',27,8,2012,19800.0,11.08,26.45,0.0,0.95,2.0,2.76
'Faz. Areao',28,8,2012,19520.0,13.54,25.12,0.0,1.71,2.08,3.0
'Faz. Areao',29,8,2012,23270.0,12.21,23.31,0.0,1.34,1.97,2.95
'Faz. Areao',30,8,2012,22500.0,11.35,22.5,0.0,2.03,1.89,2.55
'Faz. Areao',31,8,2012,24830.0,9.13,26.37,0.0,0.72,1.94,3.07
'Faz. Areao',1,9,2012,23100.0,9.36,28.23,0.0,0.78,1.94,2.99
'Faz. Areao',2,9,2012,24300.0,11.57,28.69,0.0,0.72,1.88,3.32
'Faz. Areao',3,9,2012,23320.0,12.02,27.23,0.0,2.21,2.0,3.53
'Faz. Areao',4,9,2012,23250.0,12.92,24.76,0.0,2.02,2.01,3.17
'Faz. Areao',5,9,2012,22900.0,11.16,28.5,0.0,0.46,2.05,3.38
'Faz. Areao',6,9,2012,21820.0,13.87,29.58,0.0,0.89,1.98,3.27
'Faz. Areao',7,9,2012,22240.0,14.52,30.21,0.0,0.58,1.91,3.44
'Faz. Areao',8,9,2012,23550.0,14.97,30.63,0.0,0.86,1.83,3.91
'Faz. Areao',9,9,2012,21730.0,15.03,31.36,0.0,0.84,1.79,3.77
'Faz. Areao',10,9,2012,21360.0,15.68,30.95,0.0,0.71,1.94,3.72
'Faz. Areao',11,9,2012,17230.0,15.86,29.37,0.0,1.26,1.99,3.33
'Faz. Areao',12,9,2012,21530.0,15.17,29.46,0.0,0.74,2.07,3.61
'Faz. Areao',13,9,2012,20840.0,16.54,27.69,0.0,1.85,2.15,3.64
'Faz. Areao',14,9,2012,23020.0,16.38,28.65,0.0,1.79,2.08,3.98
'Faz. Areao',15,9,2012,23640.0,14.05,30.42,0.0,0.59,2.01,3.8
'Faz. Areao',16,9,2012,23200.0,15.0,31.75,0.0,0.69,1.88,3.96
'Faz. Areao',17,9,2012,23680.0,16.04,31.96,0.0,0.78,1.82,4.03
'Faz. Areao',18,9,2012,23730.0,17.27,32.45,0.0,1.43,1.63,4.73
'Faz. Areao',19,9,2012,19430.0,17.64,32.33,3.7,3.11,1.65,5.79
'Faz. Areao',20,9,2012,10640.0,16.41,22.14,2.1,0.86,2.14,2.37
'Faz. Areao',21,9,2012,2660.0,14.81,18.41,34.4,0.67,1.9,0.96
'Faz. Areao',22,9,2012,24690.0,13.91,23.57,0.0,1.58,2.03,3.38
'Faz. Areao',23,9,2012,27510.0,12.44,25.86,0.0,1.97,2.04,3.35
'Faz. Areao',24,9,2012,15330.0,12.85,25.0,0.1,0.64,2.13,2.05
'Faz. Areao',25,9,2012,6320.0,16.43,22.22,0.6,0.58,2.14,1.05
'Faz. Areao',26,9,2012,9120.0,9.22,17.65,0.0,2.74,1.58,1.13
'Faz. Areao',27,9,2012,27160.0,9.22,19.08,0.0,3.53,1.68,2.42
'Faz. Areao',28,9,2012,30000.0,10.22,22.72,0.0,2.9,1.81,3.09
'Faz. Areao',29,9,2012,29800.0,9.68,25.02,0.0,1.72,1.88,3.41
'Faz. Areao',30,9,2012,28530.0,11.19,27.42,0.0,0.98,1.94,3.83
'Faz. Areao',1,10,2012,27710.0,12.2,30.21,0.0,1.1,1.96,4.31
'Faz. Areao',2,10,2012,26310.0,14.22,30.91,0.0,0.81,1.94,4.44
'Faz. Areao',3,10,2012,27140.0,15.83,31.73,0.0,0.97,1.82,4.93
'Faz. Areao',4,10,2012,26000.0,16.0,31.18,0.0,1.09,2.0,4.82
'Faz. Areao',5,10,2012,18960.0,17.51,28.67,0.0,1.39,2.13,3.8
'Faz. Areao',6,10,2012,25550.0,18.35,30.51,0.0,1.03,1.96,4.76
'Faz. Areao',7,10,2012,28550.0,16.7,30.35,0.0,1.03,1.89,4.9
'Faz. Areao',8,10,2012,28700.0,16.16,30.57,0.0,1.05,1.92,4.85
'Faz. Areao',9,10,2012,25830.0,14.98,30.45,0.0,0.69,1.92,4.34
'Faz. Areao',10,10,2012,26060.0,15.98,30.76,0.0,1.27,1.79,4.72
'Faz. Areao',11,10,2012,5280.0,16.56,21.07,0.5,1.72,2.05,1.3
'Faz. Areao',12,10,2012,11900.0,15.29,21.09,6.9,2.2,2.05,1.76
'Faz. Areao',13,10,2012,16090.0,15.31,22.57,0.0,3.35,2.05,2.43
'Faz. Areao',14,10,2012,25820.0,14.16,24.12,0.0,3.49,2.03,3.21
'Faz. Areao',15,10,2012,29860.0,12.82,27.52,0.0,1.17,2.01,3.99
'Faz. Areao',16,10,2012,20880.0,13.16,28.91,7.4,1.0,2.1,3.2
'Faz. Areao',17,10,2012,14510.0,17.03,25.14,7.8,0.73,2.24,2.5
'Faz. Areao',18,10,2012,29980.0,15.85,29.08,0.0,1.09,2.08,4.7
'Faz. Areao',19,10,2012,25460.0,16.21,28.48,0.0,0.82,2.12,4.17
'Faz. Areao',20,10,2012,23480.0,16.82,27.9,0.0,1.23,2.13,3.98
'Faz. Areao',21,10,2012,24470.0,16.68,30.55,1.6,1.21,2.09,4.29
'Faz. Areao',22,10,2012,29170.0,17.74,32.19,0.0,1.23,1.94,5.36
'Faz. Areao',23,10,2012,8560.0,18.21,25.35,39.9,0.48,2.29,1.86
'Faz. Areao',24,10,2012,22910.0,18.27,28.08,0.0,0.38,2.26,3.94
'Faz. Areao',25,10,2012,27930.0,17.67,30.5,0.0,0.61,2.19,4.75
'Faz. Areao',26,10,2012,20150.0,18.81,31.83,0.0,1.08,2.17,3.96
'Faz. Areao',27,10,2012,23610.0,18.42,31.44,0.0,0.41,2.09,4.28
'Faz. Areao',28,10,2012,24960.0,19.14,32.79,6.2,1.21,2.02,5.03
'Faz. Areao',29,10,2012,30000.0,17.31,31.83,0.0,0.53,2.07,5.54
'Faz. Areao',30,10,2012,30000.0,18.72,33.6,0.0,0.75,1.78,5.69
'Faz. Areao',31,10,2012,28110.0,19.77,33.31,0.0,1.46,1.76,6.11
'Faz. Areao',1,11,2012,24480.0,18.98,28.08,0.1,1.25,2.22,4.63
'Faz. Areao',2,11,2012,24330.0,17.6,26.86,0.0,2.0,2.17,4.45
'Faz. Areao',3,11,2012,17880.0,15.87,25.05,0.0,1.1,2.15,2.94
'Faz. Areao',4,11,2012,30000.0,15.67,27.85,0.0,1.3,2.17,4.57
'Faz. Areao',5,11,2012,30000.0,16.09,28.71,0.0,1.71,2.09,4.61
'Faz. Areao',6,11,2012,28450.0,16.75,29.08,0.0,1.78,2.02,4.46
'Faz. Areao',7,11,2012,23170.0,16.08,28.91,13.4,1.19,2.22,3.69
'Faz. Areao',8,11,2012,11450.0,17.49,24.85,0.0,0.66,2.18,2.05
'Faz. Areao',9,11,2012,4990.0,17.92,20.65,25.1,0.8,2.12,0.87
'Faz. Areao',10,11,2012,25410.0,17.94,27.65,0.5,1.0,2.31,4.07
'Faz. Areao',11,11,2012,30000.0,18.05,29.96,0.0,1.0,2.17,5.0
'Faz. Areao',12,11,2012,18510.0,20.63,27.54,0.0,0.89,2.28,3.18
'Faz. Areao',13,11,2012,7640.0,16.17,22.78,1.1,2.41,2.12,1.72
'Faz. Areao',14,11,2012,21860.0,14.76,23.85,0.0,2.34,2.05,3.24
'Faz. Areao',15,11,2012,22470.0,14.72,25.2,0.0,1.41,2.07,3.33
'Faz. Areao',16,11,2012,30000.0,13.75,26.72,0.0,1.83,2.05,4.59
'Faz. Areao',17,11,2012,30000.0,14.18,25.3,0.0,2.58,2.01,4.48
'Faz. Areao',18,11,2012,30000.0,13.12,27.77,0.0,1.33,2.02,4.82
'Faz. Areao',19,11,2012,23720.0,14.66,28.58,19.6,0.83,2.22,3.7
'Faz. Areao',20,11,2012,28120.0,17.25,28.97,3.4,0.79,2.2,4.52
'Faz. Areao',21,11,2012,30000.0,16.91,29.76,0.0,1.69,2.03,5.22
'Faz. Areao',22,11,2012,30000.0,16.17,30.11,0.0,1.34,1.94,5.57
'Faz. Areao',23,11,2012,30000.0,15.1,31.79,0.0,0.65,1.88,5.28
'Faz. Areao',24,11,2012,17640.0,17.91,26.23,33.3,1.02,2.22,3.29
'Faz. Areao',25,11,2012,11310.0,18.27,22.53,0.7,2.55,2.2,2.12
'Faz. Areao',26,11,2012,30000.0,16.35,26.2,0.0,2.01,2.17,4.5
'Faz. Areao',27,11,2012,22910.0,16.29,27.61,0.6,0.92,2.24,3.42
'Faz. Areao',28,11,2012,30000.0,17.53,30.29,0.1,1.2,2.13,5.36
'Faz. Areao',29,11,2012,30000.0,18.02,31.51,0.0,1.75,1.94,5.77
'Faz. Areao',30,11,2012,30000.0,17.73,29.83,0.0,1.61,2.07,5.75
'Faz. Areao',1,12,2012,25680.0,18.47,29.61,0.0,1.1,2.15,4.82
'Faz. Areao',2,12,2012,30000.0,17.72,30.09,31.6,1.31,2.26,5.63
'Faz. Areao',3,12,2012,30000.0,17.97,28.83,1.0,1.34,2.23,5.23
'Faz. Areao',4,12,2012,30000.0,18.39,30.43,0.0,1.17,2.14,5.47
'Faz. Areao',5,12,2012,30000.0,19.36,31.05,0.0,0.86,2.13,5.15
'Faz. Areao',6,12,2012,20040.0,19.82,30.86,4.9,0.83,2.27,3.64
'Faz. Areao',7,12,2012,24020.0,19.8,30.33,0.0,0.87,2.19,4.37
'Faz. Areao',8,12,2012,30000.0,21.03,32.67,0.0,1.26,2.05,5.88
'Faz. Areao',9,12,2012,22020.0,20.25,30.1,0.0,1.18,2.23,4.33
'Faz. Areao',10,12,2012,30000.0,18.22,31.06,0.0,0.63,2.1,5.65
'Faz. Areao',11,12,2012,29220.0,19.98,30.5,6.2,1.76,2.15,5.25
'Faz. Areao',12,12,2012,29680.0,19.57,31.39,0.6,0.65,2.17,5.42
'Faz. Areao',13,12,2012,29350.0,19.0,29.74,9.4,0.88,2.29,5.08
'Faz. Areao',14,12,2012,13570.0,19.9,26.73,14.5,1.25,2.36,2.77
'Faz. Areao',15,12,2012,10670.0,19.29,24.13,25.4,0.93,2.28,2.06
'Faz. Areao',16,12,2012,16450.0,19.15,25.81,2.1,0.8,2.32,2.84
'Faz. Areao',17,12,2012,9030.0,18.23,22.63,26.1,0.9,2.21,1.19
'Faz. Areao',18,12,2012,25330.0,18.27,26.98,0.1,0.49,2.27,3.8
'Faz. Areao',19,12,2012,26670.0,20.32,28.88,0.3,0.8,2.28,4.28
'Faz. Areao',20,12,2012,30000.0,19.19,32.0,1.6,1.01,2.2,5.29
'Faz. Areao',21,12,2012,30000.0,19.34,31.39,26.2,1.01,2.22,5.53
'Faz. Areao',22,12,2012,24370.0,19.86,28.06,0.1,2.11,2.33,4.52
'Faz. Areao',23,12,2012,24820.0,19.64,29.71,2.9,1.5,2.32,4.41
'Faz. Areao',24,12,2012,30000.0,19.51,31.63,0.0,0.64,2.17,5.52
'Faz. Areao',25,12,2012,30000.0,20.94,31.4,0.0,1.12,2.07,5.83
'Faz. Areao',26,12,2012,21460.0,20.94,26.9,0.0,1.09,2.28,3.86
'Faz. Areao',27,12,2012,21530.0,19.57,29.46,9.6,1.36,2.33,3.92
'Faz. Areao',28,12,2012,21450.0,18.76,26.49,0.8,0.98,2.3,3.67
'Faz. Areao',29,12,2012,25410.0,18.76,28.64,8.2,0.79,2.29,4.11
'Faz. Areao',30,12,2012,20330.0,18.72,28.5,6.8,0.61,2.38,3.75
'Faz. Areao',31,12,2012,21680.0,18.71,28.34,13.0,0.55,2.37,3.74
