* Source of data    : Escola Superior de Agricultura "Luiz de Queiroz" - USP
* File content      : Input weather file for Swap 3.2 (www.swap.alterra.nl)
* File generated by : GEPeMA (LEB - ESALQ) - www.leb.esalq.usp.br
* File generated at :  Wed 11-12-2017
station,DD,MM,YYYY,Rad,Tmin,Tmax,Rain,Wind,Hum,etref
'Faz. Areao',1,1,2015,30000.0,20.7,32.7,0.3,1.3,2.22,5.93
'Faz. Areao',2,1,2015,23700.0,20.1,31.5,8.4,1.0,2.32,4.37
'Faz. Areao',3,1,2015,30000.0,20.6,33.0,15.3,1.0,2.27,5.67
'Faz. Areao',4,1,2015,16200.0,20.3,29.1,0.0,0.7,2.37,3.03
'Faz. Areao',5,1,2015,27800.0,20.3,31.8,10.9,0.8,2.28,5.17
'Faz. Areao',6,1,2015,20100.0,20.1,30.5,2.2,0.5,2.37,3.64
'Faz. Areao',7,1,2015,30000.0,21.4,33.4,0.0,1.1,2.12,5.76
'Faz. Areao',8,1,2015,30000.0,20.1,31.8,0.0,0.9,2.15,6.02
'Faz. Areao',9,1,2015,28900.0,19.3,32.6,0.5,1.1,2.13,5.34
'Faz. Areao',10,1,2015,30000.0,20.8,33.6,0.7,0.6,1.97,6.05
'Faz. Areao',11,1,2015,29000.0,21.5,32.7,1.1,1.2,2.07,5.58
'Faz. Areao',12,1,2015,30000.0,20.1,32.1,0.3,1.4,1.98,6.13
'Faz. Areao',13,1,2015,30000.0,20.4,32.6,1.5,0.5,1.92,6.03
'Faz. Areao',14,1,2015,26800.0,20.7,31.0,0.0,1.0,2.15,5.09
'Faz. Areao',15,1,2015,30000.0,19.2,31.5,0.0,1.1,2.1,5.59
'Faz. Areao',16,1,2015,30000.0,20.3,32.5,0.0,0.9,1.94,5.66
'Faz. Areao',17,1,2015,29600.0,20.7,31.8,0.0,0.8,2.0,5.16
'Faz. Areao',18,1,2015,30000.0,20.9,32.9,0.0,0.9,1.79,5.37
'Faz. Areao',19,1,2015,30000.0,20.8,33.1,0.0,1.4,1.74,6.39
'Faz. Areao',20,1,2015,30000.0,20.3,33.3,0.0,0.8,1.75,5.8
'Faz. Areao',21,1,2015,20400.0,18.6,31.7,11.8,1.6,2.23,4.34
'Faz. Areao',22,1,2015,24300.0,19.6,27.3,0.0,2.4,2.23,4.62
'Faz. Areao',23,1,2015,21000.0,18.5,26.2,0.0,1.9,2.23,3.59
'Faz. Areao',24,1,2015,28400.0,17.6,28.6,0.0,1.3,2.18,4.34
'Faz. Areao',25,1,2015,28800.0,16.9,28.6,16.0,1.3,2.18,4.42
'Faz. Areao',26,1,2015,25300.0,17.6,29.4,9.8,1.1,2.34,4.2
'Faz. Areao',27,1,2015,26400.0,18.6,28.0,0.0,0.7,2.29,4.23
'Faz. Areao',28,1,2015,17800.0,20.3,27.8,0.0,0.7,2.35,2.95
'Faz. Areao',29,1,2015,21300.0,19.3,28.6,10.0,1.3,2.35,3.6
'Faz. Areao',30,1,2015,21500.0,20.2,29.5,0.9,0.8,2.34,3.57
'Faz. Areao',31,1,2015,26800.0,19.2,30.8,0.0,1.7,2.28,4.83
'Faz. Areao',1,2,2015,30000.0,19.2,30.8,0.0,1.4,2.24,5.26
'Faz. Areao',2,2,2015,24600.0,18.8,29.2,6.6,0.9,2.35,4.33
'Faz. Areao',3,2,2015,30000.0,17.4,31.9,0.2,0.5,2.17,5.84
'Faz. Areao',4,2,2015,14400.0,18.7,26.5,4.2,0.5,2.32,2.51
'Faz. Areao',5,2,2015,4600.0,18.3,23.3,19.4,0.7,2.23,0.96
'Faz. Areao',6,2,2015,17100.0,18.2,27.4,0.6,0.5,2.35,2.97
'Faz. Areao',7,2,2015,29500.0,18.2,28.7,0.0,0.6,2.27,4.56
'Faz. Areao',8,2,2015,28600.0,17.7,29.4,0.0,0.8,2.24,4.37
'Faz. Areao',9,2,2015,22600.0,19.1,29.1,0.0,0.7,2.34,4.09
'Faz. Areao',10,2,2015,14800.0,19.2,27.6,24.2,0.8,2.37,2.48
'Faz. Areao',11,2,2015,25300.0,19.9,30.2,0.2,0.6,2.36,4.34
'Faz. Areao',12,2,2015,23200.0,20.7,32.3,0.0,0.5,2.33,3.9
'Faz. Areao',13,2,2015,11200.0,20.6,27.1,4.5,0.6,2.38,1.77
'Faz. Areao',14,2,2015,23800.0,19.2,32.2,11.6,0.6,2.39,4.32
'Faz. Areao',15,2,2015,18000.0,18.4,29.0,18.5,0.7,2.38,3.53
'Faz. Areao',16,2,2015,15800.0,19.2,27.4,16.9,0.3,2.36,2.8
'Faz. Areao',17,2,2015,16000.0,19.7,28.6,18.9,0.5,2.39,2.93
'Faz. Areao',18,2,2015,16100.0,19.4,27.6,9.7,1.0,2.37,2.89
'Faz. Areao',19,2,2015,16600.0,21.1,28.0,0.0,1.0,2.4,3.08
'Faz. Areao',20,2,2015,19600.0,21.2,30.1,0.0,0.7,2.34,3.34
'Faz. Areao',21,2,2015,28400.0,19.6,33.0,0.0,1.0,2.13,4.99
'Faz. Areao',22,2,2015,27100.0,19.5,30.7,0.0,1.3,2.2,4.86
'Faz. Areao',23,2,2015,28300.0,18.9,31.1,0.0,0.9,2.11,5.04
'Faz. Areao',24,2,2015,30000.0,19.7,32.0,0.0,1.1,2.09,5.79
'Faz. Areao',25,2,2015,19400.0,18.5,29.3,33.6,0.7,2.38,3.68
'Faz. Areao',26,2,2015,30000.0,19.0,30.6,1.1,0.7,2.27,5.46
'Faz. Areao',27,2,2015,26500.0,18.9,30.2,1.7,1.1,2.33,4.7
'Faz. Areao',28,2,2015,21300.0,18.6,29.4,2.2,1.5,2.37,3.86
'Faz. Areao',1,3,2015,28300.0,18.3,27.9,0.0,2.4,2.21,4.64
'Faz. Areao',2,3,2015,30000.0,16.6,29.2,0.0,1.4,2.16,5.08
'Faz. Areao',3,3,2015,25400.0,17.5,29.4,0.0,1.4,2.21,4.3
'Faz. Areao',4,3,2015,25500.0,18.2,30.1,0.0,1.1,2.2,4.42
'Faz. Areao',5,3,2015,25000.0,18.6,29.3,0.0,0.9,2.23,4.3
'Faz. Areao',6,3,2015,16400.0,18.9,27.5,0.0,1.2,2.34,3.12
'Faz. Areao',7,3,2015,16100.0,18.5,27.9,6.1,0.6,2.36,2.99
'Faz. Areao',8,3,2015,10600.0,19.8,25.2,1.4,0.4,2.33,1.55
'Faz. Areao',9,3,2015,9300.0,20.7,24.2,10.4,0.6,2.32,1.22
'Faz. Areao',10,3,2015,15700.0,20.0,26.6,13.4,0.6,2.36,2.17
'Faz. Areao',11,3,2015,21300.0,19.6,28.8,1.7,0.9,2.39,3.24
'Faz. Areao',12,3,2015,14700.0,18.3,26.5,0.1,0.5,2.33,2.04
'Faz. Areao',13,3,2015,17200.0,19.8,27.9,0.0,0.6,2.38,2.89
'Faz. Areao',14,3,2015,10900.0,19.6,25.7,5.3,0.3,2.33,1.43
'Faz. Areao',15,3,2015,15300.0,18.4,29.6,16.1,0.4,2.39,2.58
'Faz. Areao',16,3,2015,22200.0,19.1,31.1,1.3,0.5,2.36,3.97
'Faz. Areao',17,3,2015,13700.0,19.5,27.5,0.5,0.4,2.37,2.22
'Faz. Areao',18,3,2015,10400.0,18.8,26.0,0.0,0.3,2.32,1.93
'Faz. Areao',19,3,2015,9400.0,19.3,23.5,5.5,0.3,2.26,1.57
'Faz. Areao',20,3,2015,12800.0,19.1,26.7,7.1,0.3,2.35,1.88
'Faz. Areao',21,3,2015,13100.0,18.9,26.0,13.9,0.4,2.33,1.83
'Faz. Areao',22,3,2015,15900.0,18.2,27.2,2.3,0.4,2.34,2.27
'Faz. Areao',23,3,2015,24800.0,17.6,29.0,0.0,0.8,2.26,3.8
'Faz. Areao',24,3,2015,24100.0,16.9,29.1,0.0,0.8,2.24,3.58
'Faz. Areao',25,3,2015,25400.0,17.4,29.6,0.0,0.6,2.23,4.09
'Faz. Areao',26,3,2015,21400.0,16.3,29.2,0.0,0.4,2.27,3.58
'Faz. Areao',27,3,2015,22100.0,18.7,30.0,0.0,0.5,2.21,3.97
'Faz. Areao',28,3,2015,19600.0,18.4,29.1,0.0,0.5,2.28,3.65
'Faz. Areao',29,3,2015,15500.0,19.6,27.5,4.3,0.4,2.37,2.86
'Faz. Areao',30,3,2015,8200.0,20.5,27.6,6.2,0.3,2.39,1.66
'Faz. Areao',31,3,2015,20400.0,19.4,29.5,0.0,1.0,2.32,3.71
'Faz. Areao',1,4,2015,24800.0,17.3,28.9,0.0,0.8,2.23,4.15
'Faz. Areao',2,4,2015,25200.0,17.2,27.7,0.0,1.4,2.16,3.97
'Faz. Areao',3,4,2015,25100.0,14.4,26.8,0.0,0.6,2.13,3.95
'Faz. Areao',4,4,2015,18800.0,15.6,27.6,0.1,0.5,2.29,3.09
'Faz. Areao',5,4,2015,14100.0,18.0,25.1,6.8,1.1,2.28,2.43
'Faz. Areao',6,4,2015,20700.0,19.0,27.9,0.0,1.6,2.32,3.61
'Faz. Areao',7,4,2015,16500.0,15.8,23.2,0.0,2.0,2.09,2.36
'Faz. Areao',8,4,2015,22400.0,14.9,26.6,0.0,0.9,2.15,3.32
'Faz. Areao',9,4,2015,22200.0,14.6,26.6,0.0,0.7,2.17,3.23
'Faz. Areao',10,4,2015,21200.0,15.4,26.7,0.0,0.8,2.18,3.04
'Faz. Areao',11,4,2015,23400.0,15.1,26.8,0.0,0.6,2.17,3.54
'Faz. Areao',12,4,2015,22900.0,14.7,26.4,0.0,0.8,2.13,3.35
'Faz. Areao',13,4,2015,22400.0,14.3,26.7,0.0,0.7,2.15,3.27
'Faz. Areao',14,4,2015,19200.0,15.4,27.2,0.0,0.5,2.24,3.07
'Faz. Areao',15,4,2015,15000.0,17.3,26.1,0.0,0.8,2.3,2.37
'Faz. Areao',16,4,2015,19600.0,17.1,27.4,0.1,1.2,2.29,3.25
'Faz. Areao',17,4,2015,22500.0,16.0,27.3,0.0,0.9,2.19,3.41
'Faz. Areao',18,4,2015,16700.0,17.0,28.2,0.0,0.7,2.26,2.85
'Faz. Areao',19,4,2015,12500.0,18.3,28.4,4.1,0.5,2.37,2.32
'Faz. Areao',20,4,2015,20700.0,19.2,30.7,0.1,0.6,2.37,3.71
'Faz. Areao',21,4,2015,16600.0,20.2,30.2,0.0,1.2,2.36,3.33
'Faz. Areao',22,4,2015,13200.0,19.4,26.8,0.0,1.2,2.36,2.55
'Faz. Areao',23,4,2015,19200.0,17.9,27.8,0.0,0.8,2.3,3.42
'Faz. Areao',24,4,2015,16800.0,16.7,26.9,0.0,0.6,2.28,2.81
'Faz. Areao',25,4,2015,20700.0,14.9,24.9,0.0,1.4,2.1,2.84
'Faz. Areao',26,4,2015,21000.0,13.5,24.5,0.0,1.4,2.09,2.78
'Faz. Areao',27,4,2015,19300.0,13.3,25.6,0.0,0.4,2.08,2.58
'Faz. Areao',28,4,2015,18300.0,13.9,26.4,0.0,0.5,2.14,2.49
'Faz. Areao',29,4,2015,17600.0,14.1,24.3,0.0,1.1,2.08,2.19
'Faz. Areao',30,4,2015,19400.0,14.1,23.3,0.0,1.1,2.06,2.42
'Faz. Areao',1,5,2015,20800.0,11.5,24.7,0.0,0.5,2.04,2.75
'Faz. Areao',2,5,2015,19100.0,11.9,26.1,0.0,0.5,2.11,2.58
'Faz. Areao',3,5,2015,16700.0,15.0,26.4,0.0,1.0,2.17,2.42
'Faz. Areao',4,5,2015,8100.0,16.9,23.3,13.4,0.9,2.19,1.28
'Faz. Areao',5,5,2015,18300.0,16.9,26.4,0.0,1.4,2.26,2.64
'Faz. Areao',6,5,2015,15900.0,14.7,24.8,0.0,0.7,2.19,2.18
'Faz. Areao',7,5,2015,18100.0,12.5,23.9,0.2,1.0,2.07,2.51
'Faz. Areao',8,5,2015,19900.0,14.8,22.0,0.0,1.1,2.0,2.58
'Faz. Areao',9,5,2015,20400.0,11.3,25.6,0.0,0.5,2.07,2.66
'Faz. Areao',10,5,2015,13400.0,13.7,26.1,19.9,1.0,2.21,2.14
'Faz. Areao',11,5,2015,8300.0,16.0,21.4,0.0,0.8,2.09,1.31
'Faz. Areao',12,5,2015,15100.0,12.4,24.0,0.2,0.5,2.09,2.14
'Faz. Areao',13,5,2015,10900.0,15.0,21.7,0.0,1.2,2.05,1.24
'Faz. Areao',14,5,2015,18700.0,13.5,24.7,0.0,0.7,2.1,2.22
'Faz. Areao',15,5,2015,11800.0,13.2,22.6,0.0,0.4,2.04,1.4
'Faz. Areao',16,5,2015,18100.0,10.8,23.1,0.0,0.5,1.96,2.15
'Faz. Areao',17,5,2015,15900.0,11.5,23.7,0.1,0.5,2.03,2.17
'Faz. Areao',18,5,2015,8400.0,14.6,22.3,1.2,0.2,2.09,1.1
'Faz. Areao',19,5,2015,11700.0,16.5,24.2,2.1,0.6,2.21,1.49
'Faz. Areao',20,5,2015,11300.0,15.5,22.8,0.0,0.4,2.13,1.5
'Faz. Areao',21,5,2015,14700.0,15.6,25.4,0.0,0.5,2.19,2.03
'Faz. Areao',22,5,2015,16800.0,14.4,25.5,0.0,0.5,2.16,2.39
'Faz. Areao',23,5,2015,12100.0,14.1,23.3,0.0,0.5,2.1,1.56
'Faz. Areao',24,5,2015,15200.0,12.9,26.0,0.0,0.6,2.17,2.18
'Faz. Areao',25,5,2015,17000.0,13.8,28.0,0.0,0.5,2.18,2.59
'Faz. Areao',26,5,2015,16200.0,16.8,27.3,0.0,0.7,2.28,2.62
'Faz. Areao',27,5,2015,17200.0,15.7,26.8,0.0,1.0,2.18,2.9
'Faz. Areao',28,5,2015,2700.0,16.6,18.4,5.7,0.2,1.99,0.63
'Faz. Areao',29,5,2015,14200.0,13.5,23.0,8.7,0.7,2.08,1.9
'Faz. Areao',30,5,2015,14300.0,10.5,24.3,4.1,0.4,2.05,1.79
'Faz. Areao',31,5,2015,4100.0,13.4,19.6,23.8,0.2,1.91,0.66
'Faz. Areao',1,6,2015,7300.0,16.2,22.6,0.3,0.8,2.15,1.04
'Faz. Areao',2,6,2015,6400.0,16.2,21.2,0.0,0.6,2.09,0.81
'Faz. Areao',3,6,2015,15400.0,14.1,25.8,0.1,0.4,2.22,1.94
'Faz. Areao',4,6,2015,17700.0,13.6,26.9,0.1,0.5,2.22,2.39
'Faz. Areao',5,6,2015,18100.0,13.5,26.1,0.0,0.5,2.12,2.34
'Faz. Areao',6,6,2015,17600.0,12.4,26.0,0.0,0.8,2.13,2.67
'Faz. Areao',7,6,2015,15500.0,14.2,26.5,0.0,0.5,2.17,2.34
'Faz. Areao',8,6,2015,16300.0,12.8,26.5,0.0,0.4,2.13,2.43
'Faz. Areao',9,6,2015,15800.0,12.8,26.4,0.0,0.5,2.12,2.35
'Faz. Areao',10,6,2015,16800.0,13.3,26.3,0.0,0.5,2.09,2.61
'Faz. Areao',11,6,2015,17100.0,12.2,26.1,0.0,0.7,2.08,2.6
'Faz. Areao',12,6,2015,14700.0,13.8,25.0,0.0,0.6,2.14,2.44
'Faz. Areao',13,6,2015,16400.0,12.9,26.5,0.0,0.7,2.12,2.56
'Faz. Areao',14,6,2015,15700.0,13.8,26.7,0.0,1.5,2.1,2.46
'Faz. Areao',15,6,2015,2600.0,13.4,19.7,1.4,0.4,1.92,0.85
'Faz. Areao',16,6,2015,12600.0,12.3,21.2,0.0,0.3,1.96,2.12
'Faz. Areao',17,6,2015,14800.0,13.3,26.1,0.0,0.4,2.17,1.98
'Faz. Areao',18,6,2015,14800.0,14.2,26.8,0.0,1.5,2.18,2.15
'Faz. Areao',19,6,2015,8100.0,13.5,19.2,0.0,1.9,1.88,1.19
'Faz. Areao',20,6,2015,17100.0,12.7,22.3,0.0,1.1,1.97,2.08
'Faz. Areao',21,6,2015,16800.0,11.3,23.8,0.0,0.5,2.02,2.12
'Faz. Areao',22,6,2015,17000.0,12.0,24.5,0.0,0.6,2.05,2.17
'Faz. Areao',23,6,2015,16100.0,12.1,24.2,0.0,0.7,2.02,2.06
'Faz. Areao',24,6,2015,7200.0,14.5,18.9,0.0,1.7,1.91,1.03
'Faz. Areao',25,6,2015,16600.0,13.7,21.6,0.0,1.7,1.96,1.95
'Faz. Areao',26,6,2015,17200.0,11.1,21.6,0.0,0.9,1.9,1.79
'Faz. Areao',27,6,2015,17800.0,8.8,21.9,0.0,0.6,1.84,1.88
'Faz. Areao',28,6,2015,17000.0,8.0,21.7,0.0,0.6,1.81,1.94
'Faz. Areao',29,6,2015,17200.0,8.8,23.4,0.0,0.9,1.91,2.08
'Faz. Areao',30,6,2015,12900.0,11.9,23.2,0.0,1.3,1.98,1.57
'Faz. Areao',1,7,2015,4900.0,14.4,19.7,2.9,0.3,1.97,0.71
'Faz. Areao',2,7,2015,6200.0,15.6,20.6,0.1,0.3,2.05,0.81
'Faz. Areao',3,7,2015,3800.0,15.6,18.7,0.9,0.3,1.96,0.53
'Faz. Areao',4,7,2015,7300.0,13.5,22.1,2.0,0.9,2.05,0.81
'Faz. Areao',5,7,2015,4700.0,12.5,16.2,0.0,0.3,1.65,0.8
'Faz. Areao',6,7,2015,14300.0,12.5,23.5,0.0,0.4,2.04,1.67
'Faz. Areao',7,7,2015,3700.0,15.4,19.0,6.7,0.2,1.97,0.3
'Faz. Areao',8,7,2015,2600.0,16.3,18.8,7.3,0.5,2.0,0.04
'Faz. Areao',9,7,2015,9900.0,14.8,22.6,0.0,0.7,2.11,1.06
'Faz. Areao',10,7,2015,15800.0,12.7,27.1,0.1,0.6,2.2,2.03
'Faz. Areao',11,7,2015,7900.0,15.7,21.5,4.6,0.4,2.09,0.84
'Faz. Areao',12,7,2015,17200.0,14.2,29.3,0.1,0.8,2.23,2.73
'Faz. Areao',13,7,2015,17600.0,16.7,29.4,0.0,1.2,2.1,2.99
'Faz. Areao',14,7,2015,16300.0,15.4,28.5,0.0,1.0,2.1,2.63
'Faz. Areao',15,7,2015,12800.0,14.8,26.6,0.0,0.5,2.18,2.16
'Faz. Areao',16,7,2015,11000.0,15.1,24.9,0.0,0.5,2.16,1.82
'Faz. Areao',17,7,2015,11300.0,13.8,24.1,0.0,0.6,2.14,1.76
'Faz. Areao',18,7,2015,14900.0,11.7,25.0,0.0,0.4,2.04,2.27
'Faz. Areao',19,7,2015,18200.0,11.6,25.3,0.0,1.0,2.01,2.52
'Faz. Areao',20,7,2015,17900.0,11.1,25.4,0.0,1.2,1.99,2.51
'Faz. Areao',21,7,2015,8200.0,13.9,21.5,0.0,0.8,1.97,1.25
'Faz. Areao',22,7,2015,16900.0,12.0,21.0,0.0,1.2,1.92,1.99
'Faz. Areao',23,7,2015,15900.0,11.3,24.2,0.0,0.4,2.05,2.29
'Faz. Areao',24,7,2015,15200.0,12.6,25.5,1.5,0.8,2.11,2.01
'Faz. Areao',25,7,2015,9500.0,14.8,23.3,13.1,0.4,2.13,1.48
'Faz. Areao',26,7,2015,8800.0,14.0,21.8,0.0,0.4,2.05,1.33
'Faz. Areao',27,7,2015,16700.0,11.4,23.9,0.0,0.4,2.03,2.26
'Faz. Areao',28,7,2015,19600.0,8.5,25.0,0.0,0.5,1.96,2.43
'Faz. Areao',29,7,2015,19600.0,10.0,25.4,0.0,0.6,1.97,2.4
'Faz. Areao',30,7,2015,19600.0,8.8,25.4,0.0,0.4,1.96,2.59
'Faz. Areao',31,7,2015,19400.0,9.8,26.0,0.0,0.6,2.0,2.74
'Faz. Areao',1,8,2015,18800.0,11.7,25.7,0.0,0.4,2.02,2.68
'Faz. Areao',2,8,2015,19900.0,9.9,25.8,0.0,0.7,1.98,2.81
'Faz. Areao',3,8,2015,20400.0,10.7,27.3,0.0,0.8,2.01,2.98
'Faz. Areao',4,8,2015,20200.0,11.8,26.9,0.0,0.4,2.0,2.88
'Faz. Areao',5,8,2015,18600.0,10.4,26.1,0.0,0.6,1.97,2.81
'Faz. Areao',6,8,2015,19400.0,12.2,26.7,0.0,0.7,1.98,2.97
'Faz. Areao',7,8,2015,19800.0,11.6,27.4,0.0,0.7,1.98,2.96
'Faz. Areao',8,8,2015,20200.0,11.2,26.8,0.0,0.6,1.98,2.84
'Faz. Areao',9,8,2015,19900.0,12.0,25.9,0.0,0.7,1.99,2.92
'Faz. Areao',10,8,2015,20900.0,12.1,26.1,0.0,0.8,2.02,3.03
'Faz. Areao',11,8,2015,21300.0,11.5,26.3,0.0,0.7,1.97,2.96
'Faz. Areao',12,8,2015,20800.0,11.0,24.9,0.0,0.7,1.94,2.75
'Faz. Areao',13,8,2015,21500.0,10.3,25.7,0.0,0.7,1.95,2.91
'Faz. Areao',14,8,2015,21500.0,10.8,25.0,0.0,0.8,1.95,2.87
'Faz. Areao',15,8,2015,20100.0,11.7,26.4,0.0,0.8,1.97,2.83
'Faz. Areao',16,8,2015,20800.0,11.4,26.9,0.0,1.1,1.95,2.82
'Faz. Areao',17,8,2015,21800.0,13.3,26.6,0.0,1.0,1.96,3.03
'Faz. Areao',18,8,2015,13500.0,13.0,26.3,0.0,1.1,1.97,2.16
'Faz. Areao',19,8,2015,20800.0,14.8,26.6,0.0,1.7,1.96,3.27
'Faz. Areao',20,8,2015,22000.0,11.6,22.8,0.0,2.2,1.93,2.5
'Faz. Areao',21,8,2015,22100.0,13.1,23.8,0.0,1.3,1.99,2.77
'Faz. Areao',22,8,2015,22600.0,10.9,25.5,0.0,0.7,1.98,2.81
'Faz. Areao',23,8,2015,22400.0,10.0,28.5,0.0,1.0,1.98,2.88
'Faz. Areao',24,8,2015,13700.0,14.4,24.4,6.6,1.9,2.13,2.09
'Faz. Areao',25,8,2015,9100.0,15.0,23.5,8.9,0.9,2.15,1.55
'Faz. Areao',26,8,2015,19700.0,13.5,27.9,0.3,0.5,2.21,3.06
'Faz. Areao',27,8,2015,2100.0,14.8,19.2,17.1,0.5,1.95,0.43
'Faz. Areao',28,8,2015,20700.0,13.1,24.9,0.1,1.3,2.09,2.49
'Faz. Areao',29,8,2015,24300.0,10.4,28.0,0.0,0.4,2.04,3.1
'Faz. Areao',30,8,2015,23500.0,11.8,30.5,0.0,0.5,2.01,3.29
'Faz. Areao',31,8,2015,23630.0,13.06,29.84,0.0,0.7,2.01,3.68
'Faz. Areao',1,9,2015,24080.0,13.28,29.2,0.0,1.35,2.09,3.89
'Faz. Areao',2,9,2015,23850.0,14.03,24.69,0.0,1.34,2.07,3.53
'Faz. Areao',3,9,2015,22790.0,12.14,27.26,0.0,0.77,2.08,3.49
'Faz. Areao',4,9,2015,16950.0,13.2,24.25,0.1,1.21,2.08,2.46
'Faz. Areao',5,9,2015,18580.0,13.95,23.64,0.0,1.27,2.07,2.48
'Faz. Areao',6,9,2015,13490.0,12.61,24.11,0.1,0.39,2.07,1.92
'Faz. Areao',7,9,2015,11300.0,15.92,24.77,8.1,1.01,2.2,1.5
'Faz. Areao',8,9,2015,3180.0,16.8,21.45,57.8,1.13,2.12,0.57
'Faz. Areao',9,9,2015,12570.0,16.19,23.96,0.1,0.59,2.19,1.62
'Faz. Areao',10,9,2015,10110.0,14.48,24.48,13.9,1.28,2.17,1.38
'Faz. Areao',11,9,2015,6280.0,17.1,24.4,18.0,1.32,2.23,1.05
'Faz. Areao',12,9,2015,8690.0,15.17,22.02,1.7,0.71,2.09,1.38
'Faz. Areao',13,9,2015,21680.0,13.4,23.75,0.2,1.23,2.07,2.67
'Faz. Areao',14,9,2015,24350.0,11.63,26.61,0.0,0.8,2.11,3.19
'Faz. Areao',15,9,2015,24320.0,13.45,31.34,0.0,0.66,2.22,3.64
'Faz. Areao',16,9,2015,25220.0,17.36,31.73,0.0,1.48,1.97,4.58
'Faz. Areao',17,9,2015,23620.0,17.52,31.06,0.0,1.01,1.86,4.32
'Faz. Areao',18,9,2015,25410.0,16.91,32.21,0.0,0.69,1.86,4.72
'Faz. Areao',19,9,2015,26010.0,16.63,31.91,0.0,0.74,1.78,4.68
'Faz. Areao',20,9,2015,25790.0,15.49,31.7,0.0,0.77,1.96,4.56
'Faz. Areao',21,9,2015,25590.0,15.73,30.58,0.0,0.51,1.94,4.39
'Faz. Areao',22,9,2015,26460.0,15.17,30.41,0.0,0.79,1.85,4.55
'Faz. Areao',23,9,2015,26250.0,15.18,30.71,0.0,0.83,1.84,4.5
'Faz. Areao',24,9,2015,26500.0,15.28,32.04,0.0,0.81,1.75,4.57
'Faz. Areao',25,9,2015,18850.0,16.4,29.11,11.3,1.45,2.13,3.76
'Faz. Areao',26,9,2015,13440.0,18.64,28.04,9.8,0.86,2.37,2.62
'Faz. Areao',27,9,2015,22900.0,19.36,31.5,8.4,0.78,2.17,4.26
'Faz. Areao',28,9,2015,10340.0,18.43,25.61,16.5,1.19,2.31,2.08
'Faz. Areao',29,9,2015,18640.0,17.89,27.14,13.6,0.69,2.33,2.94
'Faz. Areao',30,9,2015,18960.0,17.83,30.15,21.8,0.85,2.37,3.14
'Faz. Areao',1,10,2015,22760.0,18.51,30.57,0.0,1.18,2.26,3.9
'Faz. Areao',2,10,2015,25860.0,17.61,32.8,0.0,0.86,2.16,4.61
'Faz. Areao',3,10,2015,13780.0,19.5,27.16,2.5,0.92,2.3,2.73
'Faz. Areao',4,10,2015,13250.0,17.87,25.59,0.0,0.7,2.27,2.4
'Faz. Areao',5,10,2015,30000.0,15.28,25.97,0.0,1.67,2.15,4.25
'Faz. Areao',6,10,2015,29660.0,13.88,28.53,0.0,0.96,2.16,4.32
'Faz. Areao',7,10,2015,29020.0,14.05,30.44,0.0,0.62,2.13,4.48
'Faz. Areao',8,10,2015,29200.0,17.42,31.38,0.0,1.1,1.95,5.0
'Faz. Areao',9,10,2015,25790.0,17.03,29.21,13.6,1.66,2.09,4.61
'Faz. Areao',10,10,2015,18150.0,17.41,26.78,3.2,0.79,2.31,3.1
'Faz. Areao',11,10,2015,18430.0,19.1,28.58,0.0,1.1,2.31,3.23
'Faz. Areao',12,10,2015,23350.0,17.6,26.47,0.0,1.65,2.19,3.72
'Faz. Areao',13,10,2015,24670.0,16.04,28.23,1.9,1.16,2.23,3.95
'Faz. Areao',14,10,2015,29270.0,16.07,32.67,0.0,0.93,2.0,4.89
'Faz. Areao',15,10,2015,29100.0,17.92,32.29,0.0,1.25,1.83,5.08
'Faz. Areao',16,10,2015,26010.0,17.79,32.93,0.0,0.84,1.87,4.76
'Faz. Areao',17,10,2015,28180.0,17.01,31.2,0.0,1.7,2.15,5.35
'Faz. Areao',18,10,2015,27950.0,15.32,24.15,0.0,2.61,2.08,4.15
'Faz. Areao',19,10,2015,29010.0,14.69,29.58,0.0,1.07,2.15,4.69
'Faz. Areao',20,10,2015,27530.0,16.21,33.01,0.0,1.29,1.89,5.04
'Faz. Areao',21,10,2015,23040.0,19.72,30.04,5.5,1.31,2.11,4.22
'Faz. Areao',22,10,2015,17480.0,16.88,30.28,12.9,1.31,2.35,3.5
'Faz. Areao',23,10,2015,17700.0,17.42,25.69,0.0,1.32,2.26,2.95
'Faz. Areao',24,10,2015,30000.0,16.53,27.33,0.0,2.83,2.2,4.71
'Faz. Areao',25,10,2015,30000.0,16.28,28.39,1.8,1.66,2.21,4.88
'Faz. Areao',26,10,2015,23370.0,16.26,29.6,7.0,0.8,2.36,3.83
'Faz. Areao',27,10,2015,20860.0,20.22,29.99,0.9,0.76,2.35,3.73
'Faz. Areao',28,10,2015,12440.0,19.62,27.65,0.0,1.35,2.34,2.62
'Faz. Areao',29,10,2015,29880.0,18.09,28.22,0.1,2.06,2.2,4.84
'Faz. Areao',30,10,2015,30000.0,16.91,30.01,0.0,0.75,2.1,5.09
'Faz. Areao',31,10,2015,12680.0,17.91,25.97,18.4,0.84,2.23,2.29
'Faz. Areao',1,11,2015,7650.0,19.24,23.77,9.8,1.15,2.27,1.18
'Faz. Areao',2,11,2015,16410.0,20.5,29.44,5.4,0.78,2.4,2.87
'Faz. Areao',3,11,2015,12520.0,20.82,26.86,6.5,0.63,2.38,1.85
'Faz. Areao',4,11,2015,15250.0,20.11,30.2,28.6,0.61,2.4,2.55
'Faz. Areao',5,11,2015,17110.0,19.46,27.55,1.8,0.49,2.37,2.83
'Faz. Areao',6,11,2015,16640.0,19.14,27.99,0.1,0.99,2.37,3.04
'Faz. Areao',7,11,2015,11070.0,17.69,24.97,0.0,0.84,2.25,2.12
'Faz. Areao',8,11,2015,9600.0,17.65,24.37,0.6,0.49,2.25,1.42
'Faz. Areao',9,11,2015,20280.0,19.15,30.36,0.6,0.64,2.33,3.14
'Faz. Areao',10,11,2015,26680.0,18.46,31.93,0.0,0.58,2.14,4.2
'Faz. Areao',11,11,2015,25800.0,19.75,30.7,0.0,0.84,2.26,4.68
'Faz. Areao',12,11,2015,27540.0,19.05,31.04,0.0,0.79,2.18,4.9
'Faz. Areao',13,11,2015,21940.0,19.03,29.41,8.0,0.82,2.3,3.92
'Faz. Areao',14,11,2015,27110.0,19.03,32.18,7.7,0.67,2.26,4.61
'Faz. Areao',15,11,2015,27170.0,19.38,30.19,5.9,0.72,2.32,4.69
'Faz. Areao',16,11,2015,22740.0,19.72,28.84,3.5,1.16,2.34,4.09
'Faz. Areao',17,11,2015,22540.0,17.86,30.35,14.9,0.89,2.39,4.17
'Faz. Areao',18,11,2015,30000.0,18.69,31.12,0.2,0.9,2.28,5.26
'Faz. Areao',19,11,2015,27020.0,21.2,30.38,0.0,1.28,2.27,4.88
'Faz. Areao',20,11,2015,18180.0,18.65,27.94,21.9,1.46,2.34,3.39
'Faz. Areao',21,11,2015,22840.0,18.27,27.88,0.2,1.36,2.3,3.85
'Faz. Areao',22,11,2015,30000.0,17.02,29.88,0.0,0.67,2.24,5.07
'Faz. Areao',23,11,2015,6540.0,19.48,26.47,45.9,0.5,2.35,1.29
'Faz. Areao',24,11,2015,7270.0,19.67,24.37,6.5,0.78,2.3,1.39
'Faz. Areao',25,11,2015,11270.0,19.55,24.94,2.4,0.54,2.31,1.7
'Faz. Areao',26,11,2015,24440.0,19.49,26.97,0.0,1.0,2.27,3.57
'Faz. Areao',27,11,2015,29620.0,17.07,29.03,0.0,0.91,2.22,4.38
'Faz. Areao',28,11,2015,26570.0,18.11,28.46,18.0,1.17,2.34,4.25
'Faz. Areao',29,11,2015,15760.0,20.06,27.98,36.5,0.6,2.38,2.47
'Faz. Areao',30,11,2015,20910.0,17.73,28.05,1.3,1.65,2.34,3.47
'Faz. Areao',1,12,2015,23000.0,20.91,31.42,11.2,0.51,2.39,3.72
'Faz. Areao',2,12,2015,23760.0,21.62,31.87,8.5,0.63,2.37,4.34
'Faz. Areao',3,12,2015,16560.0,21.87,27.98,2.4,0.9,2.4,3.04
'Faz. Areao',4,12,2015,19190.0,19.84,30.17,0.0,0.85,2.3,3.76
'Faz. Areao',5,12,2015,30000.0,18.45,29.95,0.0,0.69,2.21,5.43
'Faz. Areao',6,12,2015,30000.0,18.34,30.24,0.0,0.75,2.15,5.16
'Faz. Areao',7,12,2015,30000.0,18.66,30.7,0.0,0.73,2.07,5.79
'Faz. Areao',8,12,2015,23340.0,19.0,30.98,0.0,1.02,2.26,4.58
'Faz. Areao',9,12,2015,12980.0,19.64,28.82,28.2,0.69,2.39,2.79
'Faz. Areao',10,12,2015,14460.0,21.99,28.1,14.9,1.2,2.4,2.65
'Faz. Areao',11,12,2015,8370.0,21.2,25.36,27.4,0.84,2.35,1.25
'Faz. Areao',12,12,2015,5270.0,21.98,24.55,55.9,1.56,2.35,1.22
'Faz. Areao',13,12,2015,18310.0,22.19,31.66,2.2,1.1,2.39,3.46
'Faz. Areao',14,12,2015,18920.0,21.9,31.14,43.5,1.18,2.4,3.73
'Faz. Areao',15,12,2015,7900.0,21.4,26.8,26.0,0.72,2.39,1.4
'Faz. Areao',16,12,2015,26190.0,19.13,28.95,0.0,1.9,2.24,4.52
'Faz. Areao',17,12,2015,30000.0,17.09,30.46,0.0,1.41,2.16,5.36
'Faz. Areao',18,12,2015,20210.0,20.38,28.51,0.0,1.51,2.23,3.97
'Faz. Areao',19,12,2015,20950.0,19.08,27.23,0.0,2.01,2.23,3.94
'Faz. Areao',20,12,2015,26900.0,18.03,27.42,0.0,2.27,2.21,4.62
'Faz. Areao',21,12,2015,30000.0,17.69,27.92,0.0,2.54,2.11,4.97
'Faz. Areao',22,12,2015,30000.0,15.5,28.01,0.0,2.27,2.13,4.64
'Faz. Areao',23,12,2015,30000.0,16.31,28.69,0.5,1.16,2.21,4.9
'Faz. Areao',24,12,2015,20850.0,17.69,29.1,0.0,0.64,2.29,3.24
'Faz. Areao',25,12,2015,29220.0,18.04,30.69,0.0,0.84,2.22,4.8
'Faz. Areao',26,12,2015,30000.0,19.3,31.22,0.0,0.93,2.19,5.2
'Faz. Areao',27,12,2015,14820.0,20.39,31.21,10.6,0.66,2.4,2.85
'Faz. Areao',28,12,2015,27030.0,20.87,32.62,0.0,1.15,2.26,5.2
'Faz. Areao',29,12,2015,13660.0,21.4,28.98,13.2,0.46,2.41,2.63
'Faz. Areao',30,12,2015,20050.0,21.99,31.2,0.3,0.76,2.36,3.74
'Faz. Areao',31,12,2015,30000.0,20.27,32.23,0.0,0.9,1.99,5.79
